USPS    GEOID   ANSICODE        NAME    POP10   HU10    ALAND   AWATER  ALAND_SQMI      AWATER_SQMI     INTPTLAT        INTPTLONG                                                                                                    
CO      08001   00198116        Adams County    441603  163136  3024207713      42070226            1167.653          16.243     39.874325      -104.331872                                                                                       
CO      08003   00198117        Alamosa County  15445   6554    1871636898      1807726      722.643           0.698     37.568442      -105.788041                                                                                         
CO      08005   00198118        Arapahoe County 572003  238301  2067070049      19003734             798.100           7.337     39.644632      -104.331733                                                                                    
CO      08007   00198119        Archuleta County        12084   8762    3496937899      13827529            1350.175           5.339     37.202395      -107.050863                                                                                      
CO      08009   00198120        Baca County     3788    2248    6617333541      6142194     2554.967           2.372     37.303144      -102.535457                                                                                             
CO      08011   00198121        Bent County     6499    2242    3918292377      73093771            1512.861          28.222     37.931891      -103.077584                                                                                            
CO      08013   00198122        Boulder County  294567  127071  1881080439      36469028             726.289          14.081     40.094826      -105.398382                                                                                     
CO      08014   01945881        Broomfield County       55889   22646   85557538        1466175       33.034           0.566     39.953382      -105.052125                                                                                       
CO      08015   00198123        Chaffee County  17809   10020   2624702242      4013482     1013.403           1.550     38.738246      -106.316972                                                                                        
CO      08017   00198124        Cheyenne County 1836    975     4605713068      8166204     1778.276           3.153     38.835386      -102.604585                                                                                          
CO      08019   00198125        Clear Creek County      9088    5685    1023632674      3280082      395.227           1.266     39.689403      -105.670791                                                                                      
CO      08021   00198126        Conejos County  8256    4286    3334326097      9235297     1287.391           3.566     37.213406      -106.176447                                                                                          
CO      08023   00198127        Costilla County 3524    2613    3177789979      8828904     1226.952           3.409     37.277547      -105.428940                                                                                         
CO      08025   00198128        Crowley County  5823    1559    2039411297      33430434             787.421          12.908     38.321956      -103.787562                                                                                         
CO      08027   00198129        Custer County   4255    3956    1913031045      3364771      738.625           1.299     38.101994      -105.373515                                                                                           
CO      08029   00198130        Delta County    30952   14572   2957896781      16960873            1142.050           6.549     38.861756      -107.864757                                                                                         
CO      08031   00198131        Denver County   600158  285797  396268588       4225359      153.000           1.631     39.761849      -104.880625                                                                                        
CO      08033   00198132        Dolores County  2064    1468    2763650142      2716145     1067.051           1.049     37.747602      -108.530383                                                                                          
CO      08035   00198133        Douglas County  285465  106859  2176232357      6789381      840.248           2.621     39.326435      -104.926199                                                                                      
CO      08037   00198134        Eagle County    52197   31312   4362911978      18806424            1684.530           7.261     39.630638      -106.692944                                                                                         
CO      08039   00198136        Elbert County   23086   8939    4793671177      442165      1850.847           0.171     39.310817      -104.117928                                                                                           
CO      08041   00198135        El Paso County  622263  252852  5508389808      7111582     2126.801           2.746     38.827383      -104.527472                                                                                      
CO      08043   00198137        Fremont County  46824   19242   3970627343      2235395     1533.068           0.863     38.455658      -105.421438                                                                                        
CO      08045   00198138        Garfield County 56389   23309   7634153703      21430621            2947.563           8.274     39.599352      -107.909780                                                                                      
CO      08047   00198139        Gilpin County   5441    3560    388229109       941918       149.896           0.364     39.861082      -105.528947                                                                                             
CO      08049   00198140        Grand County    14843   16061   4781971576      60250184            1846.330          23.263     40.123289      -106.095876                                                                                         
CO      08051   00198141        Gunnison County 15324   11412   8389228965      53172021            3239.100          20.530     38.669679      -107.078108                                                                                      
CO      08053   00198142        Hinsdale County 843     1388    2893667726      15324669            1117.251           5.917     37.811625      -107.383405                                                                                         
CO      08055   00198143        Huerfano County 6711    5075    4120672901      5792112     1591.001           2.236     37.687815      -104.959928                                                                                         
CO      08057   00198144        Jackson County  1394    1286    4179523206      18749970            1613.723           7.239     40.663432      -106.329248                                                                                         
CO      08059   00198145        Jefferson County        534543  229967  1979289991      25446228             764.208           9.825     39.586460      -105.245601                                                                                   
CO      08061   00198146        Kiowa County    1398    805     4578495505      47033007            1767.767          18.160     38.388466      -102.756210                                                                                            
CO      08063   00198147        Kit Carson County       8270    3527    5596502129      2251930     2160.822           0.869     39.305340      -102.603023                                                                                       
CO      08065   00198149        Lake County     7310    4271    976194289       18124336             376.911           6.998     39.204316      -106.349696                                                                                             
CO      08067   00198148        La Plata County 51334   25860   4382462547      19760255            1692.078           7.629     37.287367      -107.839718                                                                                      
CO      08069   00198150        Larimer County  299630  132722  6723613486      98295250            2596.002          37.952     40.663091      -105.482131                                                                                     
CO      08071   00198151        Las Animas County       15507   8217    12361162110     6929979     4772.672           2.676     37.318831      -104.044110                                                                                     
CO      08073   00198152        Lincoln County  5467    2420    6676021407      22780586            2577.626           8.796     38.993740      -103.507555                                                                                         
CO      08075   00198153        Logan County    22709   8981    4761813494      16363561            1838.547           6.318     40.728091      -103.090464                                                                                          
CO      08077   00198154        Mesa County     146723  62644   8622002815      31466745            3328.974          12.149     39.019492      -108.461837                                                                                         
CO      08079   00198155        Mineral County  712     1201    2267965576      5222183      875.666           2.016     37.651478      -106.932300                                                                                           
CO      08081   00198156        Moffat County   13795   6196    12285064917     19741780            4743.290           7.622     40.573984      -108.204521                                                                                        
CO      08083   00198157        Montezuma County        25535   12094   5256450876      27516854            2029.527          10.624     37.338025      -108.595786                                                                                     
CO      08085   00198158        Montrose County 41276   18250   5803373218      4923280     2240.695           1.901     38.413427      -108.263042                                                                                       
CO      08087   00198159        Morgan County   28159   11490   3316304952      34473998            1280.433          13.310     40.262353      -103.807092                                                                                        
CO      08089   00198160        Otero County    18831   8969    3268465106      20052451            1261.961           7.742     37.884170      -103.721260                                                                                          
CO      08091   00198161        Ouray County    4436    3083    1402718909      1599543      541.593           0.618     38.150600      -107.767133                                                                                            
CO      08093   00198162        Park County     16206   13947   5682034441      43530574            2193.846          16.807     39.118914      -105.717648                                                                                          
CO      08095   00198163        Phillips County 4442    2087    1781724987      301808       687.928           0.117     40.594712      -102.345105                                                                                          
CO      08097   00198164        Pitkin County   17148   12953   2514094239      6469384      970.697           2.498     39.217533      -106.915943                                                                                         
CO      08099   00198165        Prowers County  12551   5942    4243422095      15352661            1638.395           5.928     37.958181      -102.392161                                                                                        
CO      08101   00198166        Pueblo County   159063  69526   6179980907      30279808            2386.104          11.691     38.170658      -104.489892                                                                                       
CO      08103   00198167        Rio Blanco County       6666    3309    8342179365      4868121     3220.934           1.880     39.972606      -108.200685                                                                                       
CO      08105   00198168        Rio Grande County       11982   6630    2361959921      983955       911.958           0.380     37.485763      -106.453214                                                                                       
CO      08107   00198169        Routt County    23509   16303   6117619255      15825586            2362.026           6.110     40.483160      -106.985288                                                                                         
CO      08109   00198170        Saguache County 6108    3843    8206440775      4454555     3168.525           1.720     38.033952      -106.246675                                                                                         
CO      08111   00198171        San Juan County 699     756     1003588157      2035933      387.488           0.786     37.781074      -107.670257                                                                                           
CO      08113   00198172        San Miguel County       7359    6638    3332308274      5213876     1286.611           2.013     38.009374      -108.427326                                                                                       
CO      08115   00198173        Sedgwick County 2379    1415    1419419181      3530734      548.041           1.363     40.871568      -102.355358                                                                                         
CO      08117   00198174        Summit County   27994   29842   1575639358      28282990             608.358          10.920     39.621023      -106.137555                                                                                        
CO      08119   00198175        Teller County   23350   12643   1442767059      4944570      557.055           1.909     38.871994      -105.182552                                                                                         
CO      08121   00198176        Washington County       4814    2434    6521670287      15207421            2518.031           5.872     39.965413      -103.209605                                                                                      
CO      08123   00198177        Weld County     252825  96281   10326898753     76554163            3987.238          29.558     40.555794      -104.383649                                                                                        
CO      08125   00198178        Yuma County     10043   4466    6123779829      11134777            2364.405           4.299     40.000631      -102.422649                                                                                           
