USPS    GEOID   ANSICODE        NAME    LSAD    FUNCSTAT        POP10   HU10    ALAND   AWATER  ALAND_SQMI      AWATER_SQMI     INTPTLAT        INTPTLONG                                                                                      
VT      5000400 02378297        Albany village  47      A       193     83      3992914 25597          1.542           0.010     44.729932       -72.381758                                                                                           
VT      5000625 02378298        Alburg village  47      A       497     330     1651646 0              0.638           0.000     44.976728       -73.302570                                                                                              
VT      5001375 02378119        Arlington CDP   57      S       1213    622     9531441 148257         3.680           0.057     43.072884       -73.146078                                                                                         
VT      5001750 02586615        Ascutney CDP    57      S       540     282     4254019 13555          1.642           0.005     43.407098       -72.404145                                                                                            
VT      5002800 02586617        Barnet CDP      57      S       129     58      1611873 49155          0.622           0.019     44.294560       -72.051660                                                                                               
VT      5003175 01462035        Barre city      25      A       9052    4504    10218373        83413          3.945           0.032     44.199112       -72.507993                                                                                           
VT      5003475 02378299        Barton village  47      A       737     460     3065734 623181         1.184           0.241     44.752011       -72.171659                                                                                         
VT      5004150 02586618        Beecher Falls CDP       57      S       177     97      3269638 124111         1.262           0.048     45.009587       -71.487927                                                                                       
VT      5004225 02378300        Bellows Falls village   47      A       3148    1500    3560491 44009          1.375           0.017     43.134135       -72.459205                                                                                 
VT      5004750 02378120        Bennington CDP  57      S       9074    4122    12435695        92895          4.801           0.036     42.871243       -73.180181                                                                                       
VT      5005125 02586619        Benson CDP      57      S       308     149     10033001        162085         3.874           0.063     43.707380       -73.308819                                                                                            
VT      5005725 02586620        Bethel CDP      57      S       569     298     4134265 115436         1.596           0.045     43.824380       -72.638171                                                                                             
VT      5007225 02378121        Bradford CDP    57      S       788     348     1404398 44807          0.542           0.017     43.995279       -72.127064                                                                                            
VT      5007675 02378122        Brandon CDP     57      S       1648    790     7343537 11581          2.835           0.004     43.810619       -73.090333                                                                                            
VT      5007975 02378123        Brattleboro CDP 57      S       7414    3748    10832459        907249         4.182           0.350     42.860093       -72.559694                                                                                     
VT      5008950 02378124        Bristol CDP     57      S       2030    912     5511766 69486          2.128           0.027     44.137309       -73.086917                                                                                            
VT      5010675 01462060        Burlington city 25      A       42417   16897   26693365        13433373              10.306           5.187     44.491990       -73.239362                                                                                 
VT      5011050 02378301        Cabot village   47      A       233     115     2926457 475            1.130           0.000     44.406577       -72.316232                                                                                             
VT      5011425 02378302        Cambridge village       47      A       236     115     3203683 61696          1.237           0.024     44.637307       -72.881406                                                                                       
VT      5011725 02586621        Canaan CDP      57      S       392     232     4102299 121096         1.584           0.047     45.006765       -71.527122                                                                                             
VT      5011875 02586622        Castleton CDP   57      S       1485    262     3271371 15001          1.263           0.006     43.601569       -73.189870                                                                                          
VT      5012175 02586623        Cavendish CDP   57      S       179     115     1695041 31314          0.654           0.012     43.387053       -72.606937                                                                                           
VT      5013600 02378125        Chester CDP     57      S       1005    570     3265746 86666          1.261           0.033     43.269200       -72.596296                                                                                            
VT      5015175 02586624        Concord CDP     57      S       271     119     2845716 73035          1.099           0.028     44.435617       -71.886410                                                                                             
VT      5016075 02586625        Coventry CDP    57      S       97      57      686552  29653          0.265           0.011     44.864933       -72.270046                                                                                               
VT      5017050 02586626        Danville CDP    57      S       383     201     2652517 3549           1.024           0.001     44.410261       -72.141614                                                                                             
VT      5017425 02378303        Derby Center village    47      A       597     295     3607631 22140          1.393           0.009     44.954564       -72.136208                                                                                    
VT      5017500 02378304        Derby Line village      47      A       673     360     1875385 9123           0.724           0.004     44.998213       -72.108064                                                                                       
VT      5017650 02586627        Dorset CDP      57      S       249     224     3153735 39833          1.218           0.015     43.260460       -73.108367                                                                                              
VT      5019075 02584788        East Barre CDP  57      S       826     356     6919151 36387          2.671           0.014     44.148340       -72.449497                                                                                          
VT      5019600 02586628        East Burke CDP  57      S       132     86      1359454 1051           0.525           0.000     44.587636       -71.941016                                                                                            
VT      5021700 02586629        East Middlebury CDP     57      S       425     199     1835993 38699          0.709           0.015     43.976911       -73.100414                                                                                     
VT      5021850 02584789        East Montpelier CDP     57      S       80      39      236269  12982          0.091           0.005     44.269662       -72.486737                                                                                        
VT      5024025 02378305        Enosburg Falls village  47      A       1329    637     9207507 262731         3.555           0.101     44.908259       -72.803774                                                                                
VT      5024400 02378306        Essex Junction village  47      A       9271    4009    11824533        456932         4.565           0.176     44.490644       -73.114775                                                                              
VT      5025450 02378126        Fair Haven CDP  57      S       2269    1077    7087940 75547          2.737           0.029     43.592783       -73.268898                                                                                        
VT      5025600 02586631        Fairlee CDP     57      S       189     96      1509213 99064          0.583           0.038     43.892577       -72.160837                                                                                              
VT      5028000 02586632        Glover CDP      57      S       303     126     4532185 1256           1.750           0.000     44.707108       -72.199329                                                                                               
VT      5029425 02584790        Graniteville CDP        57      S       784     369     4393295 86770          1.696           0.034     44.145848       -72.481395                                                                                        
VT      5030100 02586633        Greensboro CDP  57      S       109     339     6683642 3182906        2.581           1.229     44.580657       -72.315383                                                                                        
VT      5030325 02586634        Greensboro Bend CDP     57      S       232     103     5724833 46603          2.210           0.018     44.561387       -72.265637                                                                                     
VT      5030475 02586635        Groton CDP      57      S       437     196     5305943 55031          2.049           0.021     44.218914       -72.201098                                                                                              
VT      5031750 02586636        Hardwick CDP    57      S       1345    676     3725221 43689          1.438           0.017     44.496946       -72.364426                                                                                           
VT      5032350 02586637        Hartland CDP    57      S       380     174     2814686 4513           1.087           0.002     43.542639       -72.401149                                                                                             
VT      5033550 02586640        Hinesburg CDP   57      S       658     313     1811421 4644           0.699           0.002     44.330044       -73.102685                                                                                            
VT      5034975 02378307        Hyde Park village       47      A       462     216     2999832 10305          1.158           0.004     44.599087       -72.608359                                                                                       
VT      5035500 02586641        Irasburg CDP    57      S       163     82      2544509 42460          0.982           0.016     44.800772       -72.290572                                                                                             
VT      5035725 02378128        Island Pond CDP 57      S       821     539     10796145        992759         4.168           0.383     44.814026       -71.885546                                                                                       
VT      5036025 02378308        Jacksonville village    47      A       223     118     2949992 65619          1.139           0.025     42.793923       -72.816132                                                                                    
VT      5036475 02378309        Jeffersonville village  47      A       729     367     2010008 67463          0.776           0.026     44.641956       -72.827277                                                                                  
VT      5036625 02378310        Jericho village 47      I       1329    532     3621253 17081          1.398           0.007     44.502680       -72.990294                                                                                        
VT      5037000 02378311        Johnson village 47      A       1443    481     3022636 135489         1.167           0.052     44.637046       -72.678728                                                                                       
VT      5040450 02586642        Lowell CDP      57      S       228     106     7454693 11207          2.878           0.004     44.793476       -72.432757                                                                                              
VT      5041200 02378312        Ludlow village  47      A       811     752     3465800 53119          1.338           0.021     43.401856       -72.699211                                                                                          
VT      5041950 02378313        Lyndonville village     47      A       1207    618     1833848 69658          0.708           0.027     44.534969       -72.000649                                                                                    
VT      5042700 02378314        Manchester village      47      A       749     700     9179998 78758          3.544           0.030     43.160007       -73.067015                                                                                      
VT      5042925 02378129        Manchester Center CDP   57      S       2120    1261    11701745        42340          4.518           0.016     43.188399       -73.035178                                                                                
VT      5043525 02378315        Marshfield village      47      A       273     118     668588  24417          0.258           0.009     44.353356       -72.349948                                                                                       
VT      5044275 02378130        Middlebury CDP  57      S       6588    2227    36029299        477386        13.911           0.184     44.007904       -73.157609                                                                                      
VT      5045175 02378131        Milton CDP      57      S       1861    770     3634144 108365         1.403           0.042     44.633483       -73.112745                                                                                            
VT      5046000 01462152        Montpelier city 25      A       7855    4034    26043297        501569        10.055           0.194     44.266448       -72.571524                                                                                     
VT      5046825 02378316        Morrisville village     47      A       1958    973     4811664 176399         1.858           0.068     44.557244       -72.589922                                                                                   
VT      5048100 02378317        Newbury village 47      A       365     215     12848352        809614         4.961           0.313     44.080827       -72.057719                                                                                       
VT      5048325 02378318        Newfane village 47      A       118     78      454060  436            0.175           0.000     42.987414       -72.655889                                                                                             
VT      5048850 01462161        Newport city    25      A       4589    2222    15098005        4671220        5.829           1.804     44.941704       -72.219478                                                                                       
VT      5049000 02586643        Newport Center CDP      57      S       274     114     486535  8911           0.188           0.003     44.950688       -72.303980                                                                                        
VT      5049075 02378319        North Bennington village        47      A       1643    510     4824620 68593          1.863           0.026     42.920203       -73.242870                                                                               
VT      5050200 02378320        Northfield village      47      A       2101    887     3546312 86295          1.369           0.033     44.151464       -72.655183                                                                                     
VT      5050500 02586644        North Hartland CDP      57      S       302     131     2601834 62708          1.005           0.024     43.596988       -72.359713                                                                                      
VT      5051925 02586645        North Springfield CDP   57      S       573     261     2860005 60695          1.104           0.023     43.329723       -72.533890                                                                                   
VT      5052075 02378321        North Troy village      47      A       620     301     4849049 113896         1.872           0.044     44.996326       -72.403500                                                                                     
VT      5052375 02378322        North Westminster village       47      A       247     111     861901  21770          0.333           0.008     43.122884       -72.457516                                                                                
VT      5052825 02586646        Norwich CDP     57      S       878     401     3762957 1605           1.453           0.001     43.718016       -72.305660                                                                                              
VT      5053125 02378323        Old Bennington village  47      A       139     75      952064  0              0.368           0.000     42.884855       -73.214297                                                                                        
VT      5053575 02378324        Orleans village 47      A       818     399     2351543 84400          0.908           0.033     44.808770       -72.199501                                                                                         
VT      5054850 02378325        Perkinsville village    47      A       130     65      472012  20672          0.182           0.008     43.370460       -72.515351                                                                                      
VT      5055525 02586647        Pittsford CDP   57      S       740     376     4665066 16912          1.801           0.007     43.706908       -73.031968                                                                                           
VT      5055750 02584791        Plainfield CDP  57      S       401     195     585105  13027          0.226           0.005     44.276345       -72.427463                                                                                           
VT      5056800 02378326        Poultney village        47      A       1612    553     1639146 16333          0.633           0.006     43.517868       -73.235941                                                                                       
VT      5057400 02586648        Proctorsville CDP       57      S       454     366     7439601 116568         2.872           0.045     43.388987       -72.645852                                                                                      
VT      5057625 02584792        Putney CDP      57      S       523     318     3710493 11052          1.433           0.004     42.971382       -72.527665                                                                                              
VT      5057775 02586649        Quechee CDP     57      S       656     522     4797233 219703         1.852           0.085     43.644510       -72.418975                                                                                            
VT      5058000 02586650        Randolph CDP    57      S       1974    985     11034272        96185          4.260           0.037     43.927062       -72.672633                                                                                          
VT      5058525 02584793        Readsboro CDP   57      S       321     176     3182582 25767          1.229           0.010     42.765548       -72.952067                                                                                           
VT      5059050 02378132        Richford CDP    57      S       1361    641     4802305 100294         1.854           0.039     44.997781       -72.662656                                                                                          
VT      5059200 02586651        Richmond CDP    57      S       723     319     2300598 153440         0.888           0.059     44.408522       -72.996724                                                                                           
VT      5060025 02586652        Rochester CDP   57      S       299     184     1641306 33196          0.634           0.013     43.870387       -72.803593                                                                                           
VT      5061225 01462193        Rutland city    25      A       16495   8082    19571900        326848         7.557           0.126     43.609670       -72.977788                                                                                       
VT      5061675 01462196        St. Albans city 25      A       6918    3231    5246849 4265           2.026           0.002     44.811538       -73.084462                                                                                        
VT      5062125 02378133        St. Johnsbury CDP       57      S       6193    2939    33284561        584305        12.851           0.226     44.428457       -72.010758                                                                                   
VT      5062950 02378327        Saxtons River village   47      A       565     241     1215975 44269          0.469           0.017     43.139367       -72.511138                                                                                   
VT      5064225 02586653        Shelburne CDP   57      S       592     281     1634140 0              0.631           0.000     44.375885       -73.226496                                                                                               
VT      5066025 02378134        South Barre CDP 57      S       1219    560     5078719 8963           1.961           0.003     44.163440       -72.504903                                                                                         
VT      5066175 01462212        South Burlington city   25      A       17904   8429    42714989        33907725              16.492          13.092     44.436493       -73.182618                                                                            
VT      5068050 02586655        South Royalton CDP      57      S       694     448     2881208 183210         1.112           0.071     43.807247       -72.512511                                                                                     
VT      5068200 02378358        South Shaftsbury CDP    57      S       683     323     5806192 8246           2.242           0.003     42.940608       -73.194616                                                                                     
VT      5069475 02378135        Springfield CDP 57      S       3979    1958    5943019 199366         2.295           0.077     43.284136       -72.473775                                                                                      
VT      5070450 02586656        Stowe CDP       57      S       495     412     2001771 22001          0.773           0.008     44.467241       -72.683770                                                                                               
VT      5071650 02378328        Swanton village 47      A       2386    1083    1970220 83069          0.761           0.032     44.923474       -73.118428                                                                                       
VT      5073450 02586657        Troy CDP        57      S       243     132     2405674 61497          0.929           0.024     44.911097       -72.401641                                                                                                
VT      5074650 01462233        Vergennes city  25      A       2588    1072    6293582 202346         2.430           0.078     44.167660       -73.255316                                                                                       
VT      5075250 02586658        Waitsfield CDP  57      S       164     104     995748  38485          0.384           0.015     44.189033       -72.824730                                                                                           
VT      5075850 02378136        Wallingford CDP 57      S       830     396     4307868 35864          1.663           0.014     43.472499       -72.965620                                                                                         
VT      5076900 02378329        Waterbury village       47      A       1763    900     4884815 115583         1.886           0.045     44.342769       -72.744961                                                                                     
VT      5077800 02584794        Websterville CDP        57      S       550     248     4310570 118874         1.664           0.046     44.157597       -72.477807                                                                                       
VT      5077875 02586659        Wells CDP       57      S       397     285     2051961 39908          0.792           0.015     43.418682       -73.212275                                                                                               
VT      5078025 02378330        Wells River village     47      A       399     216     4858135 95548          1.876           0.037     44.155642       -72.065927                                                                                     
VT      5078850 02378137        West Brattleboro CDP    57      S       2740    1388    4232861 14653          1.634           0.006     42.856521       -72.600359                                                                                  
VT      5079150 02378331        West Burke village      47      A       343     156     1228300 2492           0.474           0.001     44.643829       -71.979303                                                                                       
VT      5081325 02378332        Westminster village     47      A       291     134     3471850 14610          1.340           0.006     43.078539       -72.454315                                                                                     
VT      5082375 02378138        West Rutland CDP        57      S       2024    942     9535345 49652          3.682           0.019     43.596640       -73.042889                                                                                       
VT      5083575 02378350        White River Junction CDP        57      S       2286    1178    4277412 108016         1.652           0.042     43.645909       -72.321395                                                                             
VT      5084025 02378351        Wilder CDP      57      S       1690    776     2106125 17247          0.813           0.007     43.671098       -72.310948                                                                                             
VT      5084100 02586660        Williamstown CDP        57      S       1162    552     8701813 15743          3.360           0.006     44.117648       -72.550658                                                                                       
VT      5084625 02586661        Wilmington CDP  57      S       463     292     2577427 39043          0.995           0.015     42.875342       -72.869438                                                                                          
VT      5085000 02586662        Windsor CDP     57      S       2066    1070    3145105 278263         1.214           0.107     43.479477       -72.390912                                                                                          
VT      5085150 01462268        Winooski city   25      A       7267    3393    3707469 205994         1.431           0.080     44.495588       -73.184854                                                                                        
VT      5085900 02378333        Woodstock village       47      A       900     591     2582072 87067          0.997           0.034     43.623440       -72.513003                                                                                       
VT      5086050 02584795        Worcester CDP   57      S       112     48      172845  2355           0.067           0.001     44.370033       -72.550149                                                                                              
