USPS    GEOID   ANSICODE        NAME    POP10   HU10    ALAND   AWATER  ALAND_SQMI      AWATER_SQMI     INTPTLAT        INTPTLONG                                                                                                    
WY      56001   01605066        Albany County   36299   17939   11069193896     90515065            4273.840          34.948     41.665514      -105.721883                                                                                       
WY      56003   01605067        Big Horn County 11668   5379    8125043730      56431663            3137.097          21.788     44.525654      -107.993320                                                                                       
WY      56005   01605068        Campbell County 46133   18955   12438959289     10357633            4802.709           3.999     44.241321      -105.552029                                                                                     
WY      56007   01605069        Carbon County   15885   8576    20454631972     171997295           7897.578          66.409     41.703590      -106.933153                                                                                       
WY      56009   01605070        Converse County 13833   6403    11020096419     26387174            4254.883          10.188     42.972839      -105.507367                                                                                      
WY      56011   01605071        Crook County    7083    3595    7392881785      28200383            2854.408          10.888     44.589266      -104.567298                                                                                           
WY      56013   01605072        Fremont County  40123   17796   23785968227     212130541           9183.814          81.904     43.055303      -108.605531                                                                                     
WY      56015   01605073        Goshen County   13249   5972    5763735931      17581153            2225.391           6.788     42.089580      -104.353482                                                                                         
WY      56017   01605074        Hot Springs County      4812    2582    5190573003      6008058     2004.092           2.320     43.720871      -108.435652                                                                                      
WY      56019   01609191        Johnson County  8569    4553    10759206119     52947847            4154.153          20.443     44.044048      -106.588541                                                                                        
WY      56021   01605075        Laramie County  91738   40462   6956479515      4269807     2685.912           1.649     41.292830      -104.660395                                                                                        
WY      56023   01605076        Lincoln County  18106   8946    10557126438     49925301            4076.129          19.276     42.228788      -110.679842                                                                                       
WY      56025   01605077        Natrona County  75450   33807   13831446772     91460814            5340.352          35.313     42.973641      -106.764877                                                                                      
WY      56027   01605078        Niobrara County 2484    1338    6801404307      4969500     2626.037           1.919     43.062159      -104.468373                                                                                         
WY      56029   01605079        Park County     28205   13562   17979897617     65623799            6942.078          25.337     44.492387      -109.593597                                                                                         
WY      56031   01605080        Platte County   8667    4667    5398073678      69036446            2084.208          26.655     42.130319      -104.960809                                                                                          
WY      56033   01605081        Sheridan County 29116   13939   6537112725      7986343     2523.993           3.084     44.781369      -106.881211                                                                                       
WY      56035   01605082        Sublette County 10247   5770    12656072085     127357546           4886.537          49.173     42.767928      -109.916170                                                                                     
WY      56037   01609192        Sweetwater County       43806   18735   27004896786     166887494          10426.649          64.436     41.660339      -108.875676                                                                                  
WY      56039   01605083        Teton County    21294   12813   10347983791     572265729           3995.379         220.953     44.049320      -110.588102                                                                                       
WY      56041   01605084        Uinta County    21118   8713    5390449560      16341665            2081.264           6.310     41.284726      -110.558947                                                                                          
WY      56043   01605085        Washakie County 8533    3833    5797814617      10762355            2238.549           4.155     43.878831      -107.669052                                                                                        
WY      56045   01605086        Weston County   7208    3533    6211020805      5001695     2398.089           1.931     43.846213      -104.570020                                                                                           
