USPS    GEOID   ANSICODE        NAME    POP10   HU10    ALAND   AWATER  ALAND_SQMI      AWATER_SQMI     INTPTLAT        INTPTLONG                                                                                                    
NV      32001   00858638        Churchill County        24877   10826   12769826211     242422024           4930.458          93.600     39.525701      -118.270419                                                                                   
NV      32003   00863600        Clark County    1951269 840343  20438710673     438695269           7891.431         169.381     36.214236      -115.013819                                                                                    
NV      32005   00858643        Douglas County  46997   23671   1838164305      72317550             709.719          27.922     38.905129      -119.609019                                                                                       
NV      32007   00857664        Elko County     48818   19566   44469662857     85758966           17169.834          33.112     41.141133      -115.351424                                                                                         
NV      32009   00858641        Esmeralda County        783     850     9277017113      18552056            3581.876           7.163     37.778966      -117.632382                                                                                         
NV      32011   00858640        Eureka County   1987    1076    10814970882     11082875            4175.684           4.279     39.977788      -116.272208                                                                                         
NV      32013   00863310        Humboldt County 16528   7123    24969444419     44197034            9640.757          17.065     41.407914      -118.127591                                                                                      
NV      32015   00863368        Lander County   5775    2575    14219305794     76103225            5490.105          29.384     39.900210      -117.047240                                                                                         
NV      32017   00863992        Lincoln County  5345    2730    27539866410     9802762    10633.202           3.785     37.634605      -114.863037                                                                                         
NV      32019   00858645        Lyon County     51980   22547   5183049296      59602504            2001.187          23.013     39.022214      -119.197417                                                                                          
NV      32021   00858644        Mineral County  4772    2830    9719820866      155746727           3752.844          60.134     38.516647      -118.416279                                                                                        
NV      32023   00863599        Nye County      43946   22350   47090965923     43209307           18181.924          16.683     37.966379      -116.459047                                                                                          
NV      32027   00858646        Pershing County 6753    2464    15634626982     79934443            6036.563          30.863     40.439639      -118.409477                                                                                       
NV      32029   00858642        Storey County   4010    1990    680960552       1872364      262.920           0.723     39.438385      -119.524646                                                                                            
NV      32031   00858608        Washoe County   421407  184841  16323051686     621198199           6302.366         239.846     40.703311      -119.710315                                                                                    
NV      32033   00858615        White Pine County       10030   4498    22987820587     54678887            8875.648          21.112     39.417804      -114.900945                                                                                    
NV      32510   00863219        Carson City     55274   23534   374672985       32587486             144.662          12.582     39.153447      -119.743442                                                                                           
