USPS    GEOID   ANSICODE        NAME    POP10   HU10    ALAND   AWATER  ALAND_SQMI      AWATER_SQMI     INTPTLAT        INTPTLONG                                                                                                    
KS      20001   00484970        Allen County    13371   6226    1295779123      13007076             500.303           5.022     37.884228       -95.300945                                                                                          
KS      20003   00484971        Anderson County 8102    3720    1501276302      10586961             579.646           4.088     38.215114       -95.292046                                                                                        
KS      20005   00484972        Atchison County 16924   6990    1116729659      6857598      431.172           2.648     39.532544       -95.313397                                                                                        
KS      20007   00484973        Barber County   4861    2765    2937235546      5420045     1134.073           2.093     37.222906       -98.685052                                                                                           
KS      20009   00484974        Barton County   27674   12696   2319075093      13557185             895.400           5.234     38.481239       -98.767837                                                                                        
KS      20011   00484975        Bourbon County  15173   7167    1645861744      9377657      635.471           3.621     37.856100       -94.850928                                                                                         
KS      20013   00484976        Brown County    9984    4779    1478551884      3196161      570.872           1.234     39.825931       -95.569905                                                                                            
KS      20015   00484977        Butler County   65880   26058   3703329246      43160444            1429.863          16.664     37.773681       -96.838762                                                                                        
KS      20017   00484978        Chase County    2790    1503    2002216830      12088093             773.060           4.667     38.298553       -96.594064                                                                                           
KS      20019   00484979        Chautauqua County       3669    2150    1654693205      15244179             638.881           5.886     37.154259       -96.245396                                                                                      
KS      20021   00484980        Cherokee County 21603   9890    1521793550      8948884      587.568           3.455     37.169392       -94.845698                                                                                        
KS      20023   00484981        Cheyenne County 2726    1518    2641495949      2738022     1019.887           1.057     39.789256      -101.727302                                                                                         
KS      20025   00484982        Clark County    2215    1135    2524286181      6604959      974.632           2.550     37.233831       -99.813869                                                                                            
KS      20027   00484983        Clay County     8535    4042    1671322093      26674040             645.301          10.299     39.344964       -97.168853                                                                                            
KS      20029   00484984        Cloud County    9533    4659    1852726587      6859864      715.342           2.649     39.487329       -97.641390                                                                                            
KS      20031   00484985        Coffey County   8601    3964    1623784229      70310651             626.947          27.147     38.236450       -95.729137                                                                                          
KS      20033   00484986        Comanche County 1891    1044    2041681413      3604153      788.298           1.392     37.189071       -99.254089                                                                                         
KS      20035   00484987        Cowley County   36311   16030   2915679697      17291321            1125.750           6.676     37.234507       -96.837247                                                                                        
KS      20037   00484988        Crawford County 39134   17801   1527461827      13611094             589.756           5.255     37.505628       -94.853941                                                                                      
KS      20039   00484989        Decatur County  2961    1818    2314199313      1631670      893.517           0.630     39.783542      -100.459708                                                                                          
KS      20041   00484990        Dickinson County        19754   8972    2193906542      12634524             847.072           4.878     38.867735       -97.157943                                                                                      
KS      20043   00484991        Doniphan County 7945    3576    1018914848      12615016             393.405           4.871     39.788502       -95.147225                                                                                        
KS      20045   00484992        Douglas County  110826  46731   1180699859      48602935             455.871          18.766     38.896573       -95.290529                                                                                      
KS      20047   00484993        Edwards County  3037    1636    1610697086      208568       621.894           0.081     37.883595       -99.304746                                                                                           
KS      20049   00484994        Elk County      2882    1760    1668637984      16061465             644.265           6.201     37.456026       -96.244642                                                                                             
KS      20051   00484995        Ellis County    28452   12872   2330762469      1197085      899.912           0.462     38.914596       -99.317329                                                                                          
KS      20053   00484996        Ellsworth County        6497    3239    1854034693      19270084             715.847           7.440     38.700845       -98.205355                                                                                       
KS      20055   00485326        Finney County   36776   13276   3372079580      1825540     1301.967           0.705     38.049855      -100.739929                                                                                         
KS      20057   00484997        Ford County     33848   12005   2844508251      2097359     1098.271           0.810     37.688365       -99.884734                                                                                           
KS      20059   00484998        Franklin County 25992   11147   1480840246      13936113             571.756           5.381     38.558019       -95.278962                                                                                      
KS      20061   00484999        Geary County    34362   14517   996156662       51455057             384.618          19.867     39.002155       -96.768038                                                                                          
KS      20063   00485000        Gove County     2695    1373    2775599078      245361      1071.665           0.095     38.917239      -100.487360                                                                                              
KS      20065   00481811        Graham County   2597    1484    2327160854      599432       898.522           0.231     39.349445       -99.880952                                                                                            
KS      20067   00485099        Grant County    7829    2945    1488724794      892455       574.800           0.345     37.547537      -101.299362                                                                                             
KS      20069   00485001        Gray County     6006    2340    2250356182      1113338      868.867           0.430     37.744513      -100.451716                                                                                             
KS      20071   00485002        Greeley County  1247    629     2016176814      0            778.450           0.000     38.480408      -101.805984                                                                                                 
KS      20073   00485003        Greenwood County        6689    4068    2961132699      24155799            1143.300           9.327     37.878659       -96.242232                                                                                       
KS      20075   00485327        Hamilton County 2690    1236    2580942885      2904549      996.508           1.121     37.995244      -101.793689                                                                                         
KS      20077   00485004        Harper County   6034    3116    2075276375      3913474      801.269           1.511     37.188184       -98.066590                                                                                           
KS      20079   00485005        Harvey County   34684   14527   1397957172      2507542      539.754           0.968     38.050144       -97.436706                                                                                         
KS      20081   00485328        Haskell County  4256    1666    1495773065      910409       577.521           0.352     37.558550      -100.876869                                                                                           
KS      20083   00485006        Hodgeman County 1916    973     2227369168      826344       859.992           0.319     38.087493       -99.898407                                                                                           
KS      20085   00485007        Jackson County  13462   5779    1699594134      4666496      656.217           1.802     39.410989       -95.794509                                                                                         
KS      20087   00485008        Jefferson County        19126   8160    1379359803      62427436             532.574          24.103     39.239644       -95.375314                                                                                      
KS      20089   00485009        Jewell County   3077    2032    2356321996      11859548             909.781           4.579     39.777010       -98.222584                                                                                          
KS      20091   00485010        Johnson County  544179  226571  1226034453      16890687             473.375           6.522     38.883907       -94.822330                                                                                     
KS      20093   00485011        Kearny County   3977    1556    2254697108      1133601      870.543           0.438     37.994461      -101.308136                                                                                           
KS      20095   00485012        Kingman County  7858    3818    2236099115      8536481      863.363           3.296     37.552951       -98.144529                                                                                          
KS      20097   00485013        Kiowa County    2553    1220    1871626797      596764       722.639           0.230     37.561231       -99.286539                                                                                             
KS      20099   00485014        Labette County  21607   10092   1671305414      20261495             645.295           7.823     37.191468       -95.297473                                                                                       
KS      20101   00485015        Lane County     1750    990     1858200248      551220       717.455           0.213     38.481286      -100.466185                                                                                               
KS      20103   00485016        Leavenworth County      76227   28697   1198726879      15905519             462.831           6.141     39.189511       -95.038977                                                                                   
KS      20105   00485017        Lincoln County  3241    1864    1863226611      2748359      719.396           1.061     39.047276       -98.214265                                                                                          
KS      20107   00485018        Linn County     9656    5446    1538604962      31951412             594.059          12.337     38.216549       -94.844932                                                                                            
KS      20109   00485019        Logan County    2756    1441    2779042457      274632      1072.994           0.106     38.913269      -101.157407                                                                                             
KS      20111   00485020        Lyon County     33690   15237   2194947808      20572299             847.474           7.943     38.455498       -96.161589                                                                                          
KS      20113   00485021        McPherson County        29180   12721   2326520077      6030285      898.274           2.328     38.395812       -97.647489                                                                                      
KS      20115   00485022        Marion County   12660   5946    2445700985      24448971             944.290           9.440     38.359647       -97.102771                                                                                         
KS      20117   00485023        Marshall County 10117   4866    2331463499      12753940             900.183           4.924     39.782709       -96.521243                                                                                       
KS      20119   00485024        Meade County    4575    1998    2533234935      3258258      978.088           1.258     37.243886      -100.360094                                                                                            
KS      20121   00485025        Miami County    32787   13190   1490955548      37799723             575.661          14.595     38.566772       -94.832963                                                                                         
KS      20123   00485026        Mitchell County 6373    3296    1817632788      44979984             701.792          17.367     39.393026       -98.207362                                                                                        
KS      20125   00485027        Montgomery County       35471   16578   1666728264      20601764             643.527           7.954     37.189537       -95.742403                                                                                    
KS      20127   00485028        Morris County   5923    3206    1800763909      19710791             695.279           7.610     38.687696       -96.644905                                                                                          
KS      20129   00485135        Morton County   3233    1467    1889993253      507841       729.731           0.196     37.185249      -101.809516                                                                                            
KS      20131   00485029        Nemaha County   10178   4562    1858126462      5207942      717.427           2.011     39.791043       -96.005381                                                                                          
KS      20133   00485030        Neosho County   16512   7513    1480106485      16374157             571.472           6.322     37.564283       -95.315683                                                                                         
KS      20135   00485031        Ness County     3107    1740    2783590502      667491      1074.750           0.258     38.480437       -99.908745                                                                                              
KS      20137   00485032        Norton County   5671    2542    2274357034      8194926      878.134           3.164     39.783867       -99.899235                                                                                           
KS      20139   00485033        Osage County    16295   7503    1827283988      37107137             705.518          14.327     38.649706       -95.727275                                                                                          
KS      20141   00485034        Osborne County  3858    2206    2311573881      4806274      892.504           1.856     39.348649       -98.767876                                                                                          
KS      20143   00485035        Ottawa County   6091    2779    1866689468      1561343      720.733           0.603     39.137963       -97.654802                                                                                           
KS      20145   00485036        Pawnee County   6973    3152    1953531750      992040       754.263           0.383     38.182873       -99.232154                                                                                            
KS      20147   00485037        Phillips County 5642    3049    2294410181      22493391             885.877           8.685     39.784506       -99.342150                                                                                        
KS      20149   00485038        Pottawatomie County     21604   8626    2178235871      54103438             841.022          20.889     39.382187       -96.337113                                                                                   
KS      20151   00485039        Pratt County    9656    4514    1903757176      1753615      735.045           0.677     37.647594       -98.740120                                                                                            
KS      20153   00485040        Rawlins County  2519    1458    2769775797      415527      1069.416           0.160     39.786198      -101.076738                                                                                           
KS      20155   00485041        Reno County     64511   28274   3251332369      43417440            1255.346          16.764     37.948185       -98.078346                                                                                          
KS      20157   00485042        Republic County 4980    2877    1857981647      7967119      717.371           3.076     39.828910       -97.650921                                                                                         
KS      20159   00485043        Rice County     10083   4548    1880944775      4470099      726.237           1.726     38.347178       -98.201415                                                                                            
KS      20161   00485044        Riley County    71115   28212   1579300177      31558381             609.771          12.185     39.291211       -96.727489                                                                                         
KS      20163   00485045        Rooks County    5181    2768    2306470146      11962259             890.533           4.619     39.346006       -99.324492                                                                                           
KS      20165   00485358        Rush County     3307    1869    1858997569      544720       717.763           0.210     38.523592       -99.309183                                                                                              
KS      20167   00485046        Russell County  6970    3910    2295402664      34126812             886.260          13.176     38.916839       -98.765638                                                                                         
KS      20169   00485047        Saline County   55606   24101   1865373525      2809945      720.225           1.085     38.786327       -97.650153                                                                                         
KS      20171   00485048        Scott County    4936    2193    1858430303      306079       717.544           0.118     38.481877      -100.906360                                                                                             
KS      20173   00485049        Sedgwick County 498365  211593  2583543968      30067177             997.512          11.609     37.683807       -97.459451                                                                                    
KS      20175   00485050        Seward County   22952   8061    1656290756      2562633      639.497           0.989     37.180585      -100.854741                                                                                          
KS      20177   00485051        Shawnee County  177934  79140   1408995941      30330019             544.016          11.710     39.041805       -95.755664                                                                                      
KS      20179   00485052        Sheridan County 2556    1265    2320518450      647342       895.957           0.250     39.350542      -100.441206                                                                                          
KS      20181   00485053        Sherman County  6010    3148    2735199253      548248      1056.066           0.212     39.351352      -101.719859                                                                                           
KS      20183   00484969        Smith County    3853    2232    2319243495      3884277      895.465           1.500     39.784660       -98.785429                                                                                            
KS      20185   00485054        Stafford County 4437    2319    2051389748      7435429      792.046           2.871     38.035630       -98.719889                                                                                         
KS      20187   00485055        Stanton County  2235    990     1762086193      180151       680.345           0.070     37.565932      -101.789383                                                                                            
KS      20189   00485056        Stevens County  5724    2306    1883679100      464936       727.293           0.180     37.202356      -101.315796                                                                                           
KS      20191   00481812        Sumner County   24132   10865   3061212453      7806166     1181.941           3.014     37.236663       -97.493349                                                                                         
KS      20193   00485057        Thomas County   7900    3536    2783425324      288241      1074.687           0.111     39.357706      -101.083438                                                                                            
KS      20195   00485058        Trego County    3001    1682    2303736575      26281954             889.478          10.148     38.921302       -99.865423                                                                                           
KS      20197   00485059        Wabaunsee County        7053    3227    2057231892      13774702             794.302           5.318     38.955154       -96.201262                                                                                       
KS      20199   00485060        Wallace County  1485    781     2366348080      140928       913.652           0.054     38.926626      -101.771103                                                                                            
KS      20201   00485061        Washington County       5799    2955    2317406254      10140054             894.756           3.915     39.776714       -97.095611                                                                                      
KS      20203   00485062        Wichita County  2234    1054    1861082136      61987        718.568           0.024     38.481922      -101.347434                                                                                            
KS      20205   00485063        Wilson County   9409    4682    1477377048      12057368             570.418           4.655     37.558515       -95.745175                                                                                          
KS      20207   00485064        Woodson County  3309    2022    1289347304      19251707             497.820           7.433     37.888484       -95.757553                                                                                         
KS      20209   00485065        Wyandotte County        157505  66747   392642353       11895464             151.600           4.593     39.115384       -94.763087                                                                                     
