USPS    GEOID   ANSICODE        NAME    LSAD    FUNCSTAT        POP10   HU10    ALAND   AWATER  ALAND_SQMI      AWATER_SQMI     INTPTLAT        INTPTLONG                                                                                      
SC      4500100 02403055        Abbeville city  25      A       5237    2594    15839289        30651          6.116           0.012     34.179935       -82.377913                                                                                       
SC      4500550 02403067        Aiken city      25      A       29524   14162   53603904        366904        20.697           0.142     33.529829       -81.727284                                                                                        
SC      4500775 02629817        Alcolu CDP      57      S       429     207     11781568        55536          4.549           0.021     33.759120       -80.224892                                                                                             
SC      4500955 02405135        Allendale town  43      A       3482    1651    8573271 0              3.310           0.000     33.008047       -81.309164                                                                                            
SC      4501360 02403098        Anderson city   25      A       26686   12938   37800474        113933        14.595           0.044     34.521166       -82.647326                                                                                     
SC      4501450 02405150        Andrews town    43      A       2861    1247    5710709 0              2.205           0.000     33.449427       -79.565970                                                                                              
SC      4501810 02402648        Antreville CDP  57      S       140     72      10045735        41004          3.879           0.016     34.295995       -82.561196                                                                                          
SC      4502080 02629818        Arcadia CDP     57      S       2634    1155    5076943 12444          1.960           0.005     34.961075       -81.993118                                                                                           
SC      4502125 02405161        Arcadia Lakes town      43      A       861     407     1416278 319355         0.547           0.123     34.051617       -80.963108                                                                                     
SC      4502440 02402651        Arial CDP       57      S       2543    1161    12116764        41098          4.678           0.016     34.846076       -82.640620                                                                                            
SC      4503205 02405179        Atlantic Beach town     43      A       334     328     414863  0              0.160           0.000     33.803571       -78.717776                                                                                          
SC      4503385 02405192        Awendaw town    43      A       1294    562     24526940        534661         9.470           0.206     32.977874       -79.642789                                                                                         
SC      4503430 02405194        Aynor town      43      A       560     273     4808928 0              1.857           0.000     34.000214       -79.207195                                                                                                  
SC      4503790 02405205        Bamberg town    43      A       3607    1572    9277382 32060          3.582           0.012     33.300136       -81.031222                                                                                          
SC      4504060 02403161        Barnwell city   25      A       4750    2240    20330805        384353         7.850           0.148     33.241633       -81.366143                                                                                       
SC      4504300 01253572        Batesburg-Leesville town        43      A       5362    2510    20163385        270006         7.785           0.104     33.913298       -81.528063                                                                            
SC      4504690 02403832        Beaufort city   25      A       12361   5630    71483876        15484638              27.600           5.979     32.448260       -80.710488                                                                                    
SC      4505365 02403851        Belton city     25      A       4134    2063    9950580 32751          3.842           0.013     34.524494       -82.494348                                                                                           
SC      4505410 02402681        Belvedere CDP   57      S       5792    2489    9074574 15361          3.504           0.006     33.536766       -81.935809                                                                                         
SC      4505680 02403854        Bennettsville city      25      A       9069    3658    15839189        1639207        6.116           0.633     34.628189       -79.685901                                                                                 
SC      4505770 02402684        Berea CDP       57      S       14295   6093    19952387        763702         7.704           0.295     34.878500       -82.466212                                                                                          
SC      4506040 02405256        Bethune town    43      A       334     191     2847957 0              1.100           0.000     34.414161       -80.348748                                                                                                
SC      4506310 02403869        Bishopville city        25      A       3471    1642    6053590 83790          2.337           0.032     34.220070       -80.247370                                                                                      
SC      4506400 02405275        Blacksburg town 43      A       1848    877     4847671 0              1.872           0.000     35.122091       -81.518117                                                                                            
SC      4506490 02405276        Blackville town 43      A       2406    1166    23134781        264184         8.932           0.102     33.347761       -81.294936                                                                                     
SC      4506850 02405279        Blenheim town   43      A       154     78      1692475 0              0.653           0.000     34.509758       -79.652486                                                                                                
SC      4507210 02405288        Bluffton town   43      A       12530   5393    132870058       5724932       51.301           2.210     32.208026       -80.933585                                                                                    
SC      4507255 02405291        Blythewood town 43      A       2034    782     25072399        200625         9.681           0.077     34.209405       -80.995704                                                                                      
SC      4507345 02402700        Boiling Springs CDP     57      S       8219    3378    17706941        0              6.837           0.000     35.045010       -81.977929                                                                                      
SC      4507525 02405302        Bonneau town    43      A       487     215     7804325 138204         3.013           0.053     33.313492       -79.953958                                                                                           
SC      4507535 02584530        Bonneau Beach CDP       57      S       1929    1061    6075057 105635         2.346           0.041     33.322276       -79.989824                                                                                    
SC      4507840 02405307        Bowman town     43      A       968     505     3099158 0              1.197           0.000     33.348223       -80.684408                                                                                                 
SC      4508110 02629819        Boykin CDP      57      S       100     41      17822852        488078         6.881           0.188     34.120509       -80.584438                                                                                             
SC      4508155 02402710        Bradley CDP     57      S       170     92      20353402        8494           7.858           0.003     34.031878       -82.245781                                                                                              
SC      4508245 02405313        Branchville town        43      A       1024    488     8138886 0              3.142           0.000     33.251596       -80.816126                                                                                           
SC      4508830 02405318        Briarcliffe Acres town  43      A       457     243     1696294 0              0.655           0.000     33.789984       -78.748997                                                                                      
SC      4509527 02402719        Brookdale CDP   57      S       4873    2235    9419873 6969           3.637           0.003     33.519484       -80.838792                                                                                          
SC      4509865 02405336        Brunson town    43      A       554     275     2633935 0              1.017           0.000     32.924256       -81.188644                                                                                                
SC      4510000 02402728        Bucksport CDP   57      S       876     423     10888210        52607          4.204           0.020     33.668538       -79.110055                                                                                          
SC      4510090 02402730        Buffalo CDP     57      S       1266    629     10425006        0              4.025           0.000     34.724434       -81.684341                                                                                               
SC      4510270 02405347        Burnettown town 43      A       2673    1186    14184104        1431874        5.477           0.553     33.521047       -81.864677                                                                                    
SC      4510360 02402736        Burton CDP      57      S       6976    3051    22108472        52798          8.536           0.020     32.424668       -80.740673                                                                                           
SC      4510720 02405364        Calhoun Falls town      43      A       2004    977     8770493 191803         3.386           0.074     34.092995       -82.596322                                                                                    
SC      4510855 02403978        Camden city     25      A       6838    3544    27663896        1830564       10.681           0.707     34.255699       -80.608742                                                                                        
SC      4510900 02405368        Cameron town    43      A       424     209     8092665 0              3.125           0.000     33.557954       -80.715034                                                                                                
SC      4511125 02405372        Campobello town 43      A       502     225     7232145 0              2.792           0.000     35.126289       -82.149176                                                                                             
SC      4511350 02402747        Cane Savannah CDP       57      S       1117    474     9370438 182083         3.618           0.070     33.893121       -80.441854                                                                                     
SC      4511755 02405379        Carlisle town   43      A       436     241     3667179 0              1.416           0.000     34.592041       -81.464513                                                                                               
SC      4512430 02629820        Catawba CDP     57      S       1343    545     25764113        1048884        9.948           0.405     34.839617       -80.899863                                                                                         
SC      4512655 02404011        Cayce city      25      A       12528   5834    43117650        1994955       16.648           0.770     33.948205       -81.038234                                                                                        
SC      4512965 02402755        Centerville CDP 57      S       6586    2930    15292923        79627          5.905           0.031     34.528278       -82.716733                                                                                      
SC      4513015 02406246        Central town    43      A       5159    2230    6978616 6593           2.694           0.003     34.723733       -82.779654                                                                                           
SC      4513060 02406248        Central Pacolet town    43      A       216     105     647474  0              0.250           0.000     34.909584       -81.752603                                                                                         
SC      4513150 02406256        Chapin town     43      A       1445    658     5207546 27891          2.011           0.011     34.164004       -81.338883                                                                                            
SC      4513330 02404030        Charleston city 25      A       120083  59522   282253223       47949670             108.979          18.513     32.817922       -79.958927                                                                               
SC      4513600 02406261        Cheraw town     43      A       5851    2709    14043712        90178          5.422           0.035     34.695959       -79.903794                                                                                          
SC      4514018 02402768        Cherryvale CDP  57      S       2496    1211    4684840 80634          1.809           0.031     33.949511       -80.459320                                                                                        
SC      4514050 02404042        Chesnee city    25      A       868     471     2944299 0              1.137           0.000     35.145777       -81.862655                                                                                                
SC      4514095 02404043        Chester city    25      A       5607    2596    8461802 0              3.267           0.000     34.704996       -81.213415                                                                                              
SC      4514140 02406265        Chesterfield town       43      A       1472    687     10476767        0              4.045           0.000     34.732967       -80.078080                                                                                         
SC      4514455 02402778        City View CDP   57      S       1345    548     1341421 15914          0.518           0.006     34.862354       -82.424295                                                                                          
SC      4514590 02402780        Clarks Hill CDP 57      S       381     163     8276549 0              3.196           0.000     33.658175       -82.165995                                                                                             
SC      4514860 02402782        Clearwater CDP  57      S       4370    1920    10849423        315137         4.189           0.122     33.502756       -81.911132                                                                                      
SC      4514950 02404068        Clemson city    25      A       13905   6636    19269819        1197357        7.440           0.462     34.683826       -82.812407                                                                                      
SC      4515220 02629821        Clifton CDP     57      S       541     250     2778310 169327         1.073           0.065     34.986051       -81.820395                                                                                            
SC      4515295 02404079        Clinton city    25      A       8490    3334    25577193        176277         9.875           0.068     34.479259       -81.861860                                                                                        
SC      4515310 02406281        Clio town       43      A       726     355     2217314 0              0.856           0.000     34.579046       -79.546059                                                                                                   
SC      4515355 02406283        Clover town     43      A       5094    2127    11547943        29347          4.459           0.011     35.113575       -81.219813                                                                                          
SC      4515625 02402785        Cokesbury CDP   57      S       215     103     1536075 0              0.593           0.000     34.290012       -82.208736                                                                                               
SC      4516000 02404107        Columbia city   25      A       129272  52471   342431057       7034244      132.213           2.716     34.029783       -80.896566                                                                                  
SC      4516360 02629822        Converse CDP    57      S       608     286     1787578 28558          0.690           0.011     34.995665       -81.843059                                                                                            
SC      4516405 02404120        Conway city     25      A       17103   7238    56828670        2177252       21.942           0.841     33.845395       -79.035298                                                                                       
SC      4516720 02406311        Cope town       43      A       77      56      646646  0              0.250           0.000     33.377744       -81.007941                                                                                                      
SC      4516855 02406312        Cordova town    43      A       169     61      1129099 0              0.436           0.000     33.434489       -80.921034                                                                                                 
SC      4516945 02402797        Coronaca CDP    57      S       191     95      4377039 16676          1.690           0.006     34.251372       -82.105009                                                                                             
SC      4516990 02406317        Cottageville town       43      A       762     363     8847663 0              3.416           0.000     32.936197       -80.480316                                                                                           
SC      4517215 02406328        Coward town     43      A       752     320     9146397 2576           3.531           0.001     33.971798       -79.750088                                                                                              
SC      4517260 02406330        Cowpens town    43      A       2162    967     6106577 0              2.358           0.000     35.018833       -81.804273                                                                                               
SC      4517845 02629823        Cross Anchor CDP        57      S       126     72      2003927 10209          0.774           0.004     34.644241       -81.858033                                                                                         
SC      4517890 02406339        Cross Hill town 43      A       507     241     8005755 0              3.091           0.000     34.304770       -81.983385                                                                                             
SC      4518430 02402399        Dalzell CDP     57      S       3059    1251    15245377        124324         5.886           0.048     34.020790       -80.431956                                                                                         
SC      4518565 02404189        Darlington city 25      A       6289    2994    11776017        0              4.547           0.000     34.301408       -79.867290                                                                                          
SC      4519105 02404217        Denmark city    25      A       3538    1657    9934070 8931           3.836           0.003     33.313705       -81.133786                                                                                           
SC      4519285 02402404        Dentsville CDP  57      S       14062   6806    17526428        345707         6.767           0.133     34.075540       -80.955161                                                                                     
SC      4519420 02404230        Dillon city     25      A       6788    2916    13532531        28916          5.225           0.011     34.424807       -79.367375                                                                                          
SC      4519870 02406385        Donalds town    43      A       348     156     2154066 14311          0.832           0.006     34.376465       -82.346171                                                                                            
SC      4521040 02406402        Due West town   43      A       1247    345     4235572 13453          1.635           0.005     34.334769       -82.390634                                                                                          
SC      4521265 02406404        Duncan town     43      A       3181    1401    12106229        267440         4.674           0.103     34.937474       -82.140964                                                                                         
SC      4521310 02402417        Dunean CDP      57      S       3671    1867    4079102 7571           1.575           0.003     34.821127       -82.422717                                                                                             
SC      4521985 02403530        Easley city     25      A       19993   9072    31746687        54965         12.257           0.021     34.817018       -82.585755                                                                                         
SC      4522075 02402428        East Gaffney CDP        57      S       3085    1407    7913810 19255          3.056           0.007     35.085377       -81.624294                                                                                      
SC      4522390 02406416        Eastover town   43      A       813     365     3145084 0              1.214           0.000     33.877890       -80.694926                                                                                               
SC      4522547 02402436        East Sumter CDP 57      S       1343    579     8592960 13938          3.318           0.005     33.926946       -80.292900                                                                                        
SC      4522795 02406423        Edgefield town  43      A       4750    1227    10834185        301632         4.183           0.116     33.787194       -81.928034                                                                                      
SC      4522997 02402445        Edisto CDP      57      S       2559    1199    14031744        104817         5.418           0.040     33.477195       -80.899154                                                                                          
SC      4523020 02406424        Edisto Beach town       43      A       414     2181    5508542 576604         2.127           0.223     32.498725       -80.313484                                                                                     
SC      4523200 02406429        Ehrhardt town   43      A       545     320     8058919 0              3.112           0.000     33.098512       -81.013822                                                                                               
SC      4523245 02406432        Elgin town      43      A       1311    521     2744646 0              1.060           0.000     34.170226       -80.793000                                                                                                 
SC      4523290 02402449        Elgin CDP       57      S       2607    1051    12584655        44417          4.859           0.017     34.669739       -80.722741                                                                                            
SC      4523335 02406438        Elko town       43      A       193     100     2716623 0              1.049           0.000     33.380745       -81.380525                                                                                                   
SC      4523470 02406442        Elloree town    43      A       692     375     2472291 0              0.955           0.000     33.529905       -80.571683                                                                                                
SC      4523605 02629824        Enoree CDP      57      S       665     313     4009671 93938          1.548           0.036     34.660485       -81.962520                                                                                              
SC      4523830 02406461        Estill town     43      A       2040    909     8365271 0              3.230           0.000     32.753861       -81.241189                                                                                                
SC      4524020 02402463        Eureka Mill CDP 57      S       1476    676     3343367 0              1.291           0.000     34.717784       -81.192945                                                                                            
SC      4524100 02406471        Eutawville town 43      A       315     143     2466513 0              0.952           0.000     33.397735       -80.342929                                                                                             
SC      4524370 02406478        Fairfax town    43      A       2025    954     8578185 2514           3.312           0.001     32.959377       -81.236234                                                                                            
SC      4524505 02629825        Fairforest CDP  57      S       1693    683     5418124 14517          2.092           0.006     34.946963       -82.018906                                                                                         
SC      4524730 02584531        Fair Play CDP   57      S       687     458     17449500        58477          6.737           0.023     34.505949       -82.986100                                                                                          
SC      4525360 02629826        Fingerville CDP 57      S       134     70      633092  0              0.244           0.000     35.135077       -82.000409                                                                                               
SC      4525540 02402484        Five Forks CDP  57      S       14140   4805    19601282        115492         7.568           0.045     34.809362       -82.227680                                                                                     
SC      4525810 02403621        Florence city   25      A       37056   16665   54100686        119876        20.888           0.046     34.177560       -79.782594                                                                                     
SC      4526035 02403628        Folly Beach city        25      A       2617    2432    32392239        16477374              12.507           6.362     32.669283       -79.960577                                                                                  
SC      4526305 02403633        Forest Acres city       25      A       10361   5376    11903814        959745         4.596           0.371     34.033120       -80.973161                                                                                  
SC      4526372 02402492        Forestbrook CDP 57      S       4612    1978    9678628 0              3.737           0.000     33.724214       -78.967785                                                                                           
SC      4526845 02406508        Fort Lawn town  43      A       895     373     3606666 0              1.393           0.000     34.700233       -80.899121                                                                                              
SC      4526890 02406509        Fort Mill town  43      A       10811   4479    42323493        656801        16.341           0.254     35.008710       -80.936438                                                                                     
SC      4527070 02403653        Fountain Inn city       25      A       7799    3158    20426623        87680          7.887           0.034     34.704015       -82.197406                                                                                    
SC      4527835 02406533        Furman town     43      A       239     135     8074620 0              3.118           0.000     32.681247       -81.187705                                                                                                 
SC      4527970 02629827        Gadsden CDP     57      S       1632    646     29784145        17824         11.500           0.007     33.847191       -80.765601                                                                                           
SC      4528060 02403674        Gaffney city    25      A       12414   5784    21560124        67429          8.324           0.026     35.075500       -81.657647                                                                                        
SC      4528375 02402514        Gantt CDP       57      S       14229   6018    25674152        41568          9.913           0.016     34.787147       -82.401365                                                                                           
SC      4528455 02402515        Garden City CDP 57      S       9209    9747    13902356        207045         5.368           0.080     33.592382       -79.006699                                                                                     
SC      4528780 02406549        Gaston town     43      A       1645    716     13764146        0              5.314           0.000     33.817968       -81.099749                                                                                               
SC      4528825 02402519        Gayle Mill CDP  57      S       913     395     1693381 0              0.654           0.000     34.702223       -81.239248                                                                                              
SC      4528870 02403690        Georgetown city 25      A       9163    4180    17897846        1569796        6.910           0.606     33.372432       -79.280793                                                                                    
SC      4529005 02406566        Gifford town    43      A       288     149     2504677 0              0.967           0.000     32.860035       -81.238507                                                                                                
SC      4529050 02406568        Gilbert town    43      A       565     221     7018524 161164         2.710           0.062     33.924111       -81.391042                                                                                           
SC      4529275 02629828        Glendale CDP    57      S       307     129     550320  0              0.212           0.000     34.945078       -81.836373                                                                                                 
SC      4529410 02402530        Gloverville CDP 57      S       2831    1382    9397726 23729          3.628           0.009     33.526247       -81.811283                                                                                       
SC      4529635 02402533        Golden Grove CDP        57      S       2467    1066    14801947        209006         5.715           0.081     34.732947       -82.439472                                                                                    
SC      4529815 02403714        Goose Creek city        25      A       35938   13484   103822021       1990082       40.086           0.768     32.991585       -80.006721                                                                                
SC      4529950 02406596        Govan town      43      A       65      32      1947394 0              0.752           0.000     33.222770       -81.174834                                                                                                    
SC      4530220 02629829        Gramling CDP    57      S       86      44      2599945 22528          1.004           0.009     35.077525       -82.134597                                                                                              
SC      4530265 02629830        Graniteville CDP        57      S       2614    1236    8564316 45660          3.307           0.018     33.564684       -81.809221                                                                                      
SC      4530355 02406606        Gray Court town 43      A       795     364     4845193 7402           1.871           0.003     34.607455       -82.114327                                                                                          
SC      4530490 02406608        Great Falls town        43      A       1979    944     10978864        361860         4.239           0.140     34.572131       -80.905304                                                                                     
SC      4530535 02406609        Greeleyville town       43      A       438     214     3168845 0              1.223           0.000     33.580223       -79.990022                                                                                           
SC      4530850 02403750        Greenville city 25      A       58409   29418   74252261        383993        28.669           0.148     34.836902       -82.362997                                                                                   
SC      4530895 02403756        Greenwood city  25      A       23222   10230   42040632        306645        16.232           0.118     34.193762       -82.153969                                                                                    
SC      4530985 02403758        Greer city      25      A       25515   11127   53449342        5405661       20.637           2.087     34.934735       -82.231980                                                                                       
SC      4531885 02406641        Hampton town    43      A       2808    1368    11687716        36915          4.513           0.014     32.867593       -81.109369                                                                                         
SC      4532065 02403792        Hanahan city    25      A       17997   7817    27681594        2128797       10.688           0.822     32.932593       -80.008147                                                                                      
SC      4532245 02403797        Hardeeville city        25      A       2952    1292    116965786       283202        45.161           0.109     32.294509       -81.041018                                                                                   
SC      4532335 02406643        Harleyville town        43      A       677     316     2983734 0              1.152           0.000     33.212623       -80.447831                                                                                            
SC      4532560 02403813        Hartsville city 25      A       7764    3704    14821935        1135115        5.723           0.438     34.362953       -80.081624                                                                                    
SC      4532965 02405812        Heath Springs town      43      A       790     375     4208993 0              1.625           0.000     34.593268       -80.675047                                                                                          
SC      4533145 02405816        Hemingway town  43      A       459     233     2203403 0              0.851           0.000     33.753433       -79.446279                                                                                              
SC      4533640 02405824        Hickory Grove town      43      A       440     187     4326693 0              1.671           0.000     34.978463       -81.418059                                                                                          
SC      4533820 02405834        Hilda town      43      A       447     222     7952139 98494          3.070           0.038     33.280538       -81.244711                                                                                              
SC      4534045 02405841        Hilton Head Island town 43      A       37099   33306   107129933       71925694              41.363          27.771     32.190852       -80.739204                                                                        
SC      4534225 02405847        Hodges town     43      A       155     69      2021583 6124           0.781           0.002     34.288687       -82.249312                                                                                               
SC      4534360 02405851        Holly Hill town 43      A       1277    616     3384040 12635          1.307           0.005     33.325285       -80.413433                                                                                        
SC      4534495 02405856        Hollywood town  43      A       4714    2032    59912716        3583196       23.132           1.383     32.751284       -80.202030                                                                                     
SC      4534720 02402596        Homeland Park CDP       57      S       6296    2967    12208314        27995          4.714           0.011     34.464155       -82.658760                                                                                    
SC      4534810 02405859        Honea Path town 43      A       3597    1821    9371816 4882           3.618           0.002     34.447140       -82.394263                                                                                        
SC      4534990 02629831        Hopkins CDP     57      S       2882    1161    42756427        56035         16.508           0.022     33.900217       -80.856751                                                                                          
SC      4535635 02402610        India Hook CDP  57      S       3328    1515    6829556 2336354        2.637           0.902     35.014841       -81.037019                                                                                      
SC      4535755 02404762        Inman city      25      A       2321    1134    3718608 10726          1.436           0.004     35.047786       -82.092496                                                                                            
SC      4535800 02402615        Inman Mills CDP 57      S       1050    404     2949589 0              1.139           0.000     35.041016       -82.102175                                                                                            
SC      4535890 02405893        Irmo town       43      A       11097   4595    16216632        0              6.261           0.000     34.100590       -81.193295                                                                                               
SC      4535980 02402622        Irwin CDP       57      S       1405    557     7732020 10370          2.985           0.004     34.693897       -80.822318                                                                                              
SC      4536070 02629833        Islandton CDP   57      S       70      40      7171773 0              2.769           0.000     32.909262       -80.935949                                                                                                 
SC      4536115 02404771        Isle of Palms city      25      A       4133    4274    11489023        2590080        4.436           1.000     32.804755       -79.752018                                                                                 
SC      4536160 02405896        Iva town        43      A       1218    566     2312786 3947           0.893           0.002     34.307279       -82.664043                                                                                                
SC      4536205 02405898        Jackson town    43      A       1700    795     9181221 2314           3.545           0.001     33.328575       -81.792015                                                                                            
SC      4536250 02629834        Jacksonboro CDP 57      S       478     235     37462965        0             14.465           0.000     32.771759       -80.476925                                                                                            
SC      4536475 02405903        Jamestown town  43      A       72      48      1568680 0              0.606           0.000     33.285876       -79.694592                                                                                                
SC      4536610 02405909        Jefferson town  43      A       753     335     4649727 31885          1.795           0.012     34.651220       -80.384110                                                                                          
SC      4536655 02542194        Jenkinsville town       43      A       46      28      231025  0              0.089           0.000     34.311089       -81.286670                                                                                              
SC      4536790 02402634        Joanna CDP      57      S       1539    752     8125628 14713          3.137           0.006     34.415928       -81.800215                                                                                             
SC      4537105 02404809        Johnsonville city       25      A       1480    636     5331145 73467          2.058           0.028     33.813408       -79.444562                                                                                      
SC      4537150 02405917        Johnston town   43      A       2362    1075    6857627 223003         2.648           0.086     33.833383       -81.804823                                                                                        
SC      4537330 02405921        Jonesville town 43      A       911     512     2628481 21468          1.015           0.008     34.833942       -81.682379                                                                                         
SC      4537465 02402635        Judson CDP      57      S       2050    1025    2051887 0              0.792           0.000     34.833515       -82.427160                                                                                                
SC      4538095 02405942        Kershaw town    43      A       1803    851     4810481 0              1.857           0.000     34.544363       -80.586540                                                                                               
SC      4538162 02405943        Kiawah Island town      43      A       1626    3368    28436969        6393890       10.980           2.469     32.619271       -80.055664                                                                                 
SC      4538590 02405952        Kingstree town  43      A       3328    1569    8169814 61778          3.154           0.024     33.667142       -79.829164                                                                                        
SC      4538950 02405957        Kline town      43      A       197     99      8044855 65738          3.106           0.025     33.124717       -81.342540                                                                                               
SC      4539220 02403184        Ladson CDP      57      S       13790   5013    18190329        0              7.023           0.000     33.009253       -80.107750                                                                                              
SC      4539310 02404861        Lake City city  25      A       6675    2880    13526927        19727          5.223           0.008     33.867725       -79.753885                                                                                       
SC      4539475 02403200        Lake Murray of Richland CDP     57      S       5484    2215    14463618        8064443        5.584           3.114     34.122668       -81.265790                                                                        
SC      4539512 02403205        Lake Secession CDP      57      S       1083    910     14580344        4105047        5.630           1.585     34.288497       -82.588359                                                                                  
SC      4539715 02405978        Lake View town  43      A       807     408     4370779 1053           1.688           0.000     34.340784       -79.166426                                                                                           
SC      4539772 02403215        Lakewood CDP    57      S       3032    1225    19573986        450385         7.558           0.174     33.842456       -80.348131                                                                                        
SC      4539785 02403208        Lake Wylie CDP  57      S       8841    4037    20316309        7104529        7.844           2.743     35.099798       -81.065284                                                                                     
SC      4539805 02405981        Lamar town      43      A       989     452     3030944 0              1.170           0.000     34.169084       -80.064972                                                                                                  
SC      4539895 02404881        Lancaster city  25      A       8526    3981    16614014        214048         6.415           0.083     34.724035       -80.779336                                                                                      
SC      4540075 02404882        Landrum city    25      A       2376    1191    6936837 20048          2.678           0.008     35.175093       -82.185727                                                                                          
SC      4540210 02405984        Lane town       43      A       508     257     10229836        0              3.950           0.000     33.525094       -79.879680                                                                                                  
SC      4540390 02584532        Langley CDP     57      S       1447    715     2974388 13707          1.148           0.005     33.515188       -81.835037                                                                                            
SC      4540480 02405989        Latta town      43      A       1379    648     2838046 0              1.096           0.000     34.338995       -79.433644                                                                                                 
SC      4540525 02403222        Laurel Bay CDP  57      S       5891    2185    11654017        2302248        4.500           0.889     32.461047       -80.785552                                                                                     
SC      4540615 02404891        Laurens city    25      A       9139    4367    26900015        0             10.386           0.000     34.501484       -82.023306                                                                                             
SC      4541065 02403231        Lesslie CDP     57      S       3112    1248    15753527        127272         6.082           0.049     34.883701       -80.948357                                                                                         
SC      4541335 02406014        Lexington town  43      A       17870   8101    22975034        200505         8.871           0.077     33.994810       -81.212110                                                                                     
SC      4541380 02404925        Liberty city    25      A       3269    1508    11526884        33585          4.451           0.013     34.790963       -82.701439                                                                                         
SC      4541740 02406021        Lincolnville town       43      A       1139    460     3081781 0              1.190           0.000     33.007737       -80.156078                                                                                          
SC      4541965 02406025        Little Mountain town    43      A       291     136     3671226 0              1.417           0.000     34.196998       -81.412682                                                                                        
SC      4542010 02403238        Little River CDP        57      S       8960    7004    27142778        896060        10.480           0.346     33.880648       -78.640489                                                                                    
SC      4542100 02406029        Livingston town 43      A       136     70      2111625 0              0.815           0.000     33.553279       -81.119948                                                                                              
SC      4542190 02406034        Lockhart town   43      A       488     244     790662  268757         0.305           0.104     34.795618       -81.466097                                                                                           
SC      4542280 02406037        Lodge town      43      A       120     75      8143917 0              3.144           0.000     33.067810       -80.953698                                                                                                   
SC      4542730 02404958        Loris city      25      A       2396    1119    11776462        51278          4.547           0.020     34.057156       -78.888650                                                                                           
SC      4542820 02406052        Lowndesville town       43      A       128     101     2006011 0              0.775           0.000     34.209909       -82.647625                                                                                           
SC      4542865 02406053        Lowrys town     43      A       200     84      8186502 0              3.161           0.000     34.804009       -81.237222                                                                                                  
SC      4543000 02403245        Lugoff CDP      57      S       7434    3017    38940238        647709        15.035           0.250     34.221002       -80.685550                                                                                          
SC      4543090 02406059        Luray town      43      A       127     58      2675444 0              1.033           0.000     32.814208       -81.240265                                                                                                   
SC      4543135 02629835        Lydia CDP       57      S       642     302     6845128 0              2.643           0.000     34.286519       -80.118514                                                                                                   
SC      4543315 02406063        Lyman town      43      A       3243    1497    15478959        1514099        5.976           0.585     34.968208       -82.136955                                                                                         
SC      4543360 02406064        Lynchburg town  43      A       373     198     2930787 0              1.132           0.000     34.060005       -80.076974                                                                                              
SC      4543495 02406121        McBee town      43      A       867     400     3307435 0              1.277           0.000     34.467208       -80.257347                                                                                                  
SC      4543585 02406123        McClellanville town     43      A       499     318     5790333 305844         2.236           0.118     33.086502       -79.468295                                                                                    
SC      4543630 02406124        McColl town     43      A       2174    993     2719534 2718           1.050           0.001     34.666518       -79.544169                                                                                             
SC      4543675 02406125        McConnells town 43      A       255     109     8779044 78834          3.390           0.030     34.876959       -81.231607                                                                                         
SC      4543720 02406127        McCormick town  43      A       2783    813     10493851        0              4.052           0.000     33.912840       -82.287591                                                                                            
SC      4544350 02405009        Manning city    25      A       4108    1902    7152346 0              2.762           0.000     33.692966       -80.217814                                                                                              
SC      4544575 02405023        Marion city     25      A       6939    3099    11449564        0              4.421           0.000     34.178755       -79.396574                                                                                              
SC      4545115 02405038        Mauldin city    25      A       22889   9929    25780494        118557         9.954           0.046     34.785966       -82.299578                                                                                       
SC      4545295 02406113        Mayesville town 43      A       731     341     2651705 0              1.024           0.000     33.984912       -80.204443                                                                                             
SC      4545430 02403266        Mayo CDP        57      S       1592    732     7875231 0              3.041           0.000     35.085704       -81.853452                                                                                                   
SC      4545790 02406141        Meggett town    43      A       1226    636     46226762        1482343       17.848           0.572     32.697024       -80.272100                                                                                        
SC      4547050 02403298        Modoc CDP       57      S       218     283     10318769        8255697        3.984           3.188     33.719769       -82.221379                                                                                            
SC      4547200 02403300        Monarch Mill CDP        57      S       1811    905     14538351        0              5.613           0.000     34.716127       -81.584789                                                                                          
SC      4547275 02406176        Moncks Corner town      43      A       7885    3376    18869330        347379         7.285           0.134     33.196136       -79.978530                                                                                  
SC      4547320 02406177        Monetta town    43      A       236     104     1908288 0              0.737           0.000     33.849723       -81.609636                                                                                                
SC      4548310 02403309        Mount Carmel CDP        57      S       216     123     23800052        0              9.189           0.000     34.018453       -82.504446                                                                                           
SC      4548355 02406205        Mount Croghan town      43      A       195     84      1965350 0              0.759           0.000     34.769746       -80.226387                                                                                           
SC      4548535 02406211        Mount Pleasant town     43      A       67843   30674   116761854       19486370              45.082           7.524     32.850085       -79.829903                                                                            
SC      4548670 02403315        Mountville CDP  57      S       108     53      7367710 39999          2.845           0.015     34.373012       -81.977447                                                                                           
SC      4548737 02403316        Mulberry CDP    57      S       529     230     5087775 44999          1.964           0.017     33.958474       -80.327120                                                                                            
SC      4548805 02404338        Mullins city    25      A       4663    2204    7936674 0              3.064           0.000     34.204193       -79.253499                                                                                              
SC      4548900 02403319        Murphys Estates CDP     57      S       1441    541     5394472 8343           2.083           0.003     33.601073       -81.945927                                                                                     
SC      4548985 02403321        Murrells Inlet CDP      57      S       7547    4843    19061022        431554         7.360           0.167     33.557250       -79.057165                                                                                  
SC      4549075 02404346        Myrtle Beach city       25      A       27109   23262   60410054        625935        23.324           0.242     33.710801       -78.885862                                                                                 
SC      4549390 02406971        Neeses town     43      A       374     165     4541263 0              1.753           0.000     33.536432       -81.124268                                                                                                 
SC      4549570 02404369        Newberry city   25      A       10277   4521    22205446        10260          8.574           0.004     34.282348       -81.601558                                                                                       
SC      4549705 02406974        New Ellenton town       43      A       2052    1020    12356181        14267          4.771           0.006     33.418839       -81.680154                                                                                    
SC      4549885 02403336        Newport CDP     57      S       4136    1579    22562074        157654         8.711           0.061     34.982910       -81.097192                                                                                         
SC      4549975 02584533        Newry CDP       57      S       172     108     764621  817            0.295           0.000     34.725435       -82.913642                                                                                                  
SC      4550110 02406992        Nichols town    43      A       368     215     3640473 0              1.406           0.000     34.235201       -79.149204                                                                                                
SC      4550290 02406994        Ninety Six town 43      A       1998    882     3878685 0              1.498           0.000     34.171877       -82.023338                                                                                            
SC      4550515 02407001        Norris town     43      A       813     384     4878812 0              1.884           0.000     34.766116       -82.752535                                                                                                 
SC      4550560 02407002        North town      43      A       754     415     2134091 0              0.824           0.000     33.616837       -81.102827                                                                                                  
SC      4550695 02404389        North Augusta city      25      A       21348   9726    51882840        1194424       20.032           0.461     33.521411       -81.954781                                                                                
SC      4550875 02404391        North Charleston city   25      A       97471   42219   189554662       8965154       73.187           3.461     32.917342       -80.065150                                                                           
SC      4551145 02403351        North Hartsville CDP    57      S       3251    1392    11816453        15268          4.562           0.006     34.403558       -80.070375                                                                                 
SC      4551180 02403358        Northlake CDP   57      S       3745    1786    10691965        2742823        4.128           1.059     34.572141       -82.685795                                                                                      
SC      4551280 02404397        North Myrtle Beach city 25      A       13752   27584   44272771        1551676       17.094           0.599     33.802921       -78.751262                                                                          
SC      4551550 02407010        Norway town     43      A       337     166     2059769 13904          0.795           0.005     33.449755       -81.126672                                                                                             
SC      4551720 02403361        Oak Grove CDP   57      S       10291   4526    17224255        95086          6.650           0.037     33.983694       -81.144342                                                                                       
SC      4551887 02403366        Oakland CDP     57      S       1232    568     1761747 16358          0.680           0.006     33.989366       -80.495936                                                                                            
SC      4552540 02407042        Olanta town     43      A       563     281     2576418 11427          0.995           0.004     33.936183       -79.931789                                                                                             
SC      4552585 02407043        Olar town       43      A       257     162     2033966 0              0.785           0.000     33.179864       -81.185344                                                                                                   
SC      4553080 02404441        Orangeburg city 25      A       13964   5795    21933543        26286          8.469           0.010     33.491734       -80.865118                                                                                     
SC      4553485 02403383        Oswego CDP      57      S       84      42      3121897 0              1.205           0.000     34.005598       -80.286146                                                                                                    
SC      4553845 02407064        Pacolet town    43      A       2235    1134    9091687 58506          3.510           0.023     34.905046       -81.763807                                                                                          
SC      4554025 02407065        Pageland town   43      A       2760    1246    11312086        111316         4.368           0.043     34.771892       -80.389291                                                                                       
SC      4554340 02407071        Pamplico town   43      A       1226    497     4162594 28300          1.607           0.011     33.995694       -79.568937                                                                                          
SC      4554535 02403398        Parker CDP      57      S       11431   4968    17668156        117847         6.822           0.046     34.850574       -82.453100                                                                                         
SC      4554700 02407073        Parksville town 43      A       117     70      1885327 252            0.728           0.000     33.786244       -82.217226                                                                                            
SC      4554925 02407080        Patrick town    43      A       351     186     2484437 0              0.959           0.000     34.575253       -80.044655                                                                                                
SC      4555015 02407082        Pawleys Island town     43      A       103     528     1816222 754582         0.701           0.291     33.428093       -79.124988                                                                                    
SC      4555060 02407084        Paxville town   43      A       185     85      2720788 0              1.051           0.000     33.739027       -80.358565                                                                                                
SC      4555150 02407086        Peak town       43      A       64      37      1007728 3071           0.389           0.001     34.238760       -81.328235                                                                                                  
SC      4555420 02407091        Pelion town     43      A       674     239     9319271 230487         3.598           0.089     33.784837       -81.259738                                                                                            
SC      4555465 02407092        Pelzer town     43      A       89      36      477406  14843          0.184           0.006     34.641892       -82.461400                                                                                                
SC      4555645 02407096        Pendleton town  43      A       2964    1693    9816096 68809          3.790           0.027     34.649802       -82.782843                                                                                        
SC      4555960 02407101        Perry town      43      A       233     117     3010709 0              1.162           0.000     33.627604       -81.308594                                                                                                  
SC      4556140 02404514        Pickens city    25      A       3126    1481    7324918 58092          2.828           0.022     34.885741       -82.710202                                                                                          
SC      4556365 02403407        Piedmont CDP    57      S       5103    2192    22263441        438561         8.596           0.169     34.705617       -82.466745                                                                                        
SC      4556950 02407120        Pine Ridge town 43      A       2064    849     12229841        91697          4.722           0.035     33.906785       -81.095920                                                                                       
SC      4557085 02407126        Pinewood town   43      A       538     288     2773704 0              1.071           0.000     33.739585       -80.462016                                                                                               
SC      4557175 02584534        Pinopolis CDP   57      S       948     437     3708938 0              1.432           0.000     33.228617       -80.038603                                                                                               
SC      4557670 02407137        Plum Branch town        43      A       82      49      938400  0              0.362           0.000     33.848166       -82.258745                                                                                               
SC      4557850 02407144        Pomaria town    43      A       179     78      2696842 16507          1.041           0.006     34.268739       -81.417824                                                                                             
SC      4558030 02407149        Port Royal town 43      A       10678   3546    49068360        7937848       18.945           3.065     32.355834       -80.701191                                                                                   
SC      4558165 02403443        Powdersville CDP        57      S       7618    3131    35937020        327659        13.875           0.127     34.779030       -82.494259                                                                                    
SC      4558435 02403448        Princeton CDP   57      S       62      29      1939064 0              0.749           0.000     34.491217       -82.295685                                                                                                 
SC      4558570 02403450        Privateer CDP   57      S       2349    880     21144085        157328         8.164           0.061     33.816845       -80.391428                                                                                        
SC      4558615 02403452        Promised Land CDP       57      S       511     209     4038795 0              1.559           0.000     34.127675       -82.230701                                                                                           
SC      4558705 02407164        Prosperity town 43      A       1180    519     4842189 4436           1.870           0.002     34.213051       -81.528310                                                                                         
SC      4558795 02407168        Quinby town     43      A       932     400     3491435 0              1.348           0.000     34.228023       -79.735292                                                                                                 
SC      4559020 02407178        Ravenel town    43      A       2465    1006    32742838        0             12.642           0.000     32.776802       -80.227231                                                                                             
SC      4559110 02403462        Red Bank CDP    57      S       9617    3956    30575272        599116        11.805           0.231     33.929541       -81.233928                                                                                        
SC      4559190 02403464        Red Hill CDP    57      S       13223   6582    29241369        153481        11.290           0.059     33.776521       -79.007729                                                                                       
SC      4559380 02407193        Reevesville town        43      A       196     102     4166885 49646          1.609           0.019     33.197302       -80.641671                                                                                        
SC      4559425 02407197        Reidville town  43      A       601     296     4362389 48741          1.684           0.019     34.865895       -82.104711                                                                                          
SC      4559470 02403470        Rembert CDP     57      S       306     134     9935831 0              3.836           0.000     34.103737       -80.530523                                                                                                 
SC      4559920 02407206        Richburg town   43      A       275     129     2269595 0              0.876           0.000     34.716622       -81.019578                                                                                               
SC      4560280 02407214        Ridgeland town  43      A       4036    1124    115127126       679294        44.451           0.262     32.468544       -80.925446                                                                                     
SC      4560325 02407212        Ridge Spring town       43      A       737     359     4718089 70550          1.822           0.027     33.845284       -81.661212                                                                                       
SC      4560370 02407217        Ridgeville town 43      A       1979    241     4652254 0              1.796           0.000     33.090033       -80.307233                                                                                            
SC      4560415 02407218        Ridgeway town   43      A       319     156     1255251 0              0.485           0.000     34.306542       -80.960082                                                                                               
SC      4561112 02403481        Riverview CDP   57      S       681     288     3936186 9556           1.520           0.004     35.013071       -80.988566                                                                                            
SC      4561405 02404635        Rock Hill city  25      A       66154   29159   92520164        416046        35.722           0.161     34.943368       -81.021451                                                                                    
SC      4561495 02407231        Rockville town  43      A       134     96      1097175 233078         0.424           0.090     32.603223       -80.190946                                                                                          
SC      4561720 02403490        Roebuck CDP     57      S       2200    908     11114964        45776          4.292           0.018     34.878756       -81.963773                                                                                           
SC      4562035 02407251        Rowesville town 43      A       304     135     2154199 0              0.832           0.000     33.372237       -80.836141                                                                                             
SC      4562080 02407255        Ruby town       43      A       360     186     6395015 81             2.469           0.000     34.748160       -80.179137                                                                                                  
SC      4562305 02629836        Russellville CDP        57      S       488     191     9719127 0              3.753           0.000     33.397040       -79.963719                                                                                            
SC      4562395 02403501        St. Andrews CDP 57      S       20493   11023   16434860        54050          6.346           0.021     34.050874       -81.105502                                                                                    
SC      4562530 02407268        St. George town 43      A       2084    883     7000673 0              2.703           0.000     33.186271       -80.580578                                                                                            
SC      4562620 02407272        St. Matthews town       43      A       2021    964     4974222 17291          1.921           0.007     33.664640       -80.778753                                                                                      
SC      4562755 02407274        St. Stephen town        43      A       1697    762     6184231 0              2.388           0.000     33.404555       -79.926060                                                                                           
SC      4562980 02407275        Salem town      43      A       135     77      2145813 0              0.829           0.000     34.887063       -82.975516                                                                                                   
SC      4563115 02407277        Salley town     43      A       398     197     1941695 27811          0.750           0.011     33.570057       -81.303980                                                                                             
SC      4563250 02407280        Saluda town     43      A       3565    1359    8413903 109996         3.249           0.042     34.001172       -81.771638                                                                                          
SC      4563665 02584535        Sangaree CDP    57      S       8220    3040    5259777 0              2.031           0.000     33.032729       -80.125289                                                                                              
SC      4563700 02402823        Sans Souci CDP  57      S       7869    3825    8574611 125030         3.311           0.048     34.890783       -82.422996                                                                                       
SC      4563790 02407287        Santee town     43      A       961     514     5465325 23931          2.110           0.009     33.486553       -80.489239                                                                                             
SC      4564240 02402828        Saxon CDP       57      S       3424    1352    6182935 17633          2.387           0.007     34.961123       -81.969203                                                                                             
SC      4564465 02407298        Scotia town     43      A       215     90      8196783 0              3.165           0.000     32.680498       -81.243273                                                                                                  
SC      4564600 02407301        Scranton town   43      A       932     351     2184835 0              0.844           0.000     33.917466       -79.744172                                                                                               
SC      4564712 02407303        Seabrook Island town    43      A       1714    2203    15465306        2672887        5.971           1.032     32.587085       -80.182592                                                                               
SC      4565005 02407309        Sellers town    43      A       219     107     1795789 0              0.693           0.000     34.282315       -79.472247                                                                                                
SC      4565095 02405444        Seneca city     25      A       8102    4076    19558446        138839         7.552           0.054     34.680815       -82.965965                                                                                         
SC      4565207 02402840        Seven Oaks CDP  57      S       15144   7083    19643760        302824         7.584           0.117     34.045914       -81.141804                                                                                     
SC      4565410 02407322        Sharon town     43      A       494     204     3393943 0              1.310           0.000     34.952022       -81.343523                                                                                                 
SC      4565680 02402847        Shell Point CDP 57      S       2336    957     10182704        4192581        3.932           1.619     32.375320       -80.753518                                                                                     
SC      4565950 02402850        Shiloh CDP      57      S       214     91      25206479        58202          9.732           0.022     33.948159       -80.018913                                                                                              
SC      4566400 02407343        Silverstreet town       43      A       162     82      8669933 0              3.347           0.000     34.217723       -81.714594                                                                                            
SC      4566580 02405467        Simpsonville city       25      A       18238   7624    22815608        64108          8.809           0.025     34.729034       -82.257523                                                                                   
SC      4566760 02407347        Six Mile town   43      A       675     303     5277805 31000          2.038           0.012     34.809977       -82.811551                                                                                           
SC      4566917 02402860        Slater-Marietta CDP     57      S       2176    973     11158899        15956          4.308           0.006     35.037489       -82.490940                                                                                   
SC      4567165 02407355        Smoaks town     43      A       126     66      4222003 0              1.630           0.000     33.089453       -80.814210                                                                                                  
SC      4567210 02407357        Smyrna town     43      A       45      29      1828504 0              0.706           0.000     35.042005       -81.409422                                                                                                   
SC      4567255 02407361        Snelling town   43      A       274     123     10452274        127208         4.036           0.049     33.242684       -81.467755                                                                                         
SC      4567390 02402863        Socastee CDP    57      S       19952   9394    34564377        1356362       13.345           0.524     33.687395       -79.008860                                                                                      
SC      4567435 02407364        Society Hill town       43      A       563     303     5678450 0              2.192           0.000     34.509891       -79.853892                                                                                           
SC      4567705 02407370        South Congaree town     43      A       2306    1045    8508159 117744         3.285           0.045     33.909480       -81.137540                                                                                  
SC      4567750 02402885        Southern Shops CDP      57      S       3767    1220    9230255 27797          3.564           0.011     34.982149       -81.990922                                                                                    
SC      4568177 02402878        South Sumter CDP        57      S       2411    1028    6210531 0              2.398           0.000     33.885512       -80.337885                                                                                          
SC      4568290 02405505        Spartanburg city        25      A       37013   17516   51202481        303855        19.769           0.117     34.942294       -81.926907                                                                                  
SC      4568380 02402890        Springdale CDP  57      S       2574    1142    10942156        40500          4.225           0.016     34.690113       -80.776310                                                                                       
SC      4568425 02407387        Springdale town 43      A       2636    1231    7067537 75303          2.729           0.029     33.960007       -81.112059                                                                                       
SC      4568470 02407388        Springfield town        43      A       524     274     4504938 0              1.739           0.000     33.496737       -81.279493                                                                                            
SC      4568875 02406661        Starr town      43      A       173     82      3822382 6252           1.476           0.002     34.374789       -82.700791                                                                                                
SC      4568920 02402894        Startex CDP     57      S       859     409     3964179 62170          1.531           0.024     34.930634       -82.095061                                                                                             
SC      4569010 02402895        Stateburg CDP   57      S       1380    574     12040825        79811          4.649           0.031     33.974866       -80.525940                                                                                         
SC      4570045 02406675        Stuckey town    43      A       245     94      2421071 0              0.935           0.000     33.732190       -79.513122                                                                                                 
SC      4570090 02406679        Sullivan's Island town  43      A       1791    1054    6469876 2436389        2.498           0.941     32.769893       -79.836248                                                                              
SC      4570225 02406683        Summerton town  43      A       1000    531     3322904 0              1.283           0.000     33.602195       -80.352642                                                                                             
SC      4570270 02406684        Summerville town        43      A       43392   18557   46735188        291741        18.045           0.113     33.005836       -80.179306                                                                                  
SC      4570315 02406685        Summit town     43      A       402     160     3856167 0              1.489           0.000     33.924636       -81.422583                                                                                                 
SC      4570405 02405546        Sumter city     25      A       40524   18150   83103463        526256        32.086           0.203     33.940848       -80.395543                                                                                       
SC      4570585 02406696        Surfside Beach town     43      A       3837    4299    5003374 56115          1.932           0.022     33.609651       -78.977540                                                                                   
SC      4570675 02406701        Swansea town    43      A       827     405     5266241 139093         2.033           0.054     33.740296       -81.104363                                                                                           
SC      4570900 02406704        Sycamore town   43      A       180     91      8212533 24131          3.171           0.009     33.034926       -81.222535                                                                                            
SC      4571305 02406716        Tatum town      43      A       75      38      2351278 0              0.908           0.000     34.643820       -79.586710                                                                                                    
SC      4571395 02402918        Taylors CDP     57      S       21617   9168    27714388        103547        10.701           0.040     34.914312       -82.313906                                                                                        
SC      4571417 02405575        Tega Cay city   25      A       7620    2926    10022510        1797712        3.870           0.694     35.039187       -81.014953                                                                                      
SC      4571890 02629837        Tigerville CDP  57      S       1312    44      3440928 42817          1.329           0.017     35.065051       -82.369918                                                                                          
SC      4571980 02406736        Timmonsville town       43      A       2320    1019    6704985 0              2.589           0.000     34.134363       -79.941862                                                                                         
SC      4572430 02405599        Travelers Rest city     25      A       4576    1919    11709686        63914          4.521           0.025     34.967756       -82.441162                                                                                  
SC      4572520 02406750        Trenton town    43      A       196     106     3265907 38724          1.261           0.015     33.740557       -81.840937                                                                                            
SC      4572655 02406759        Troy town       43      A       93      54      2069143 965            0.799           0.000     33.991929       -82.297869                                                                                                   
SC      4572745 02406766        Turbeville town 43      A       766     343     3370173 0              1.301           0.000     33.889794       -80.016167                                                                                             
SC      4572880 02406774        Ulmer town      43      A       88      58      7094500 34177          2.739           0.013     33.099967       -81.209825                                                                                                
SC      4573105 02405625        Union city      25      A       8393    4351    20937807        0              8.084           0.000     34.723618       -81.624828                                                                                               
SC      4573330 02402954        Utica CDP       57      S       1489    716     3518194 3661           1.358           0.001     34.678786       -82.926125                                                                                               
SC      4573465 02402956        Valley Falls CDP        57      S       6299    2783    13422619        86565          5.183           0.033     35.005590       -81.968839                                                                                     
SC      4573510 02406788        Vance town      43      A       170     75      1308421 0              0.505           0.000     33.436376       -80.420208                                                                                                   
SC      4573600 02406795        Varnville town  43      A       2162    939     9925603 0              3.832           0.000     32.852032       -81.080228                                                                                             
SC      4573870 02402977        Wade Hampton CDP        57      S       20622   9948    23203284        128360         8.959           0.050     34.882735       -82.331715                                                                                   
SC      4574050 02406814        Wagener town    43      A       797     378     3040785 18230          1.174           0.007     33.652694       -81.364033                                                                                            
SC      4574095 02405663        Walhalla city   25      A       4263    1852    10251605        161140         3.958           0.062     34.769505       -83.055431                                                                                       
SC      4574140 02629838        Wallace CDP     57      S       892     415     17014108        318882         6.569           0.123     34.723143       -79.840277                                                                                           
SC      4574275 02405667        Walterboro city 25      A       5398    2579    16804324        0              6.488           0.000     32.900837       -80.675059                                                                                          
SC      4574590 02406830        Ward town       43      A       91      56      2008979 0              0.776           0.000     33.857297       -81.731334                                                                                                     
SC      4574635 02629839        Ware Place CDP  57      S       228     116     2375907 2259           0.917           0.001     34.624718       -82.384822                                                                                           
SC      4574680 02406831        Ware Shoals town        43      A       2170    1070    10091157        309601         3.896           0.120     34.390352       -82.244348                                                                                    
SC      4574725 02629840        Warrenville CDP 57      S       1233    634     2808665 23591          1.084           0.009     33.547031       -81.801737                                                                                        
SC      4574995 02406838        Waterloo town   43      A       166     90      3621252 0              1.398           0.000     34.354542       -82.059724                                                                                                
SC      4575220 02402988        Watts Mills CDP 57      S       1635    686     5873518 0              2.268           0.000     34.516392       -81.985547                                                                                            
SC      4575445 02402991        Wedgefield CDP  57      S       1615    653     21963997        291823         8.480           0.113     33.880853       -80.515874                                                                                       
SC      4575535 02402994        Welcome CDP     57      S       6668    2977    12008008        127457         4.636           0.049     34.810150       -82.467706                                                                                         
SC      4575580 02405703        Wellford city   25      A       2378    1120    11196923        47721          4.323           0.018     34.946147       -82.098882                                                                                        
SC      4575850 02405706        West Columbia city      25      A       14988   7665    18109389        547718         6.992           0.211     33.990459       -81.095126                                                                                 
SC      4576165 02405719        Westminster city        25      A       2418    1227    8825230 9224           3.407           0.004     34.666578       -83.090480                                                                                       
SC      4576345 02406864        West Pelzer town        43      A       880     443     1321647 1603           0.510           0.001     34.644660       -82.471767                                                                                         
SC      4576435 02406867        West Union town 43      A       291     150     1981730 2098           0.765           0.001     34.756164       -83.044040                                                                                          
SC      4577380 02406882        Whitmire town   43      A       1441    760     3200693 0              1.236           0.000     34.504046       -81.614266                                                                                              
SC      4577672 02403028        Wilkinson Heights CDP   57      S       2493    1218    7757838 0              2.995           0.000     33.491864       -80.828571                                                                                     
SC      4577785 02406887        Williams town   43      A       117     52      2194201 0              0.847           0.000     33.034143       -80.842844                                                                                                
SC      4577875 02406888        Williamston town        43      A       3934    1878    9431968 96049          3.642           0.037     34.619506       -82.478418                                                                                      
SC      4577920 02403030        Willington CDP  57      S       142     85      15422686        109419         5.955           0.042     33.965101       -82.450293                                                                                         
SC      4577965 02406891        Williston town  43      A       3139    1474    23187435        162316         8.953           0.063     33.401663       -81.421899                                                                                      
SC      4578190 02406898        Windsor town    43      A       121     47      1704314 0              0.658           0.000     33.481180       -81.512930                                                                                                 
SC      4578460 02406903        Winnsboro town  43      A       3550    1810    8360454 0              3.228           0.000     34.371822       -81.090658                                                                                            
SC      4578505 02403035        Winnsboro Mills CDP     57      S       1898    882     6822156 0              2.634           0.000     34.356124       -81.070960                                                                                        
SC      4578820 02403038        Woodfield CDP   57      S       9303    3983    7105500 98017          2.743           0.038     34.059194       -80.930611                                                                                         
SC      4578910 02406910        Woodford town   43      A       185     87      2034048 0              0.785           0.000     33.668705       -81.111953                                                                                                
SC      4579090 02405787        Woodruff city   25      A       4090    1846    10130964        55515          3.912           0.021     34.740262       -82.029360                                                                                        
SC      4579450 02406926        Yemassee town   43      A       1027    454     11681584        0              4.510           0.000     32.692784       -80.854632                                                                                             
SC      4579630 02405801        York city       25      A       7736    3322    21263294        304837         8.210           0.118     34.996171       -81.235962                                                                                           
