USPS    GEOID   ANSICODE        NAME    POP10   HU10    ALAND   AWATER  ALAND_SQMI      AWATER_SQMI     INTPTLAT        INTPTLONG                                                                                                    
MN      27001   00663198        Aitkin County   16202   16029   4718084060      449700337           1821.663         173.630     46.602446       -93.419760                                                                                       
MN      27003   00659447        Anoka County    330844  126688  1095590050      59831077             423.010          23.101     45.274110       -93.242723                                                                                       
MN      27005   00659448        Becker County   32504   18784   3406359731      336647129           1315.203         129.980     46.937629       -95.741757                                                                                       
MN      27007   00659449        Beltrami County 44442   20527   6487764440      1426606363          2504.940         550.816     47.878825       -94.986698                                                                                    
MN      27009   00659450        Benton County   38451   16140   1057494279      12320334             408.301           4.757     45.701227       -94.001439                                                                                        
MN      27011   00659451        Big Stone County        5269    3115    1292461863      75355978             499.022          29.095     45.419925       -96.402226                                                                                       
MN      27013   00659452        Blue Earth County       64013   26202   1936906099      45969834             747.844          17.749     44.038225       -94.064071                                                                                    
MN      27015   00659453        Brown County    25893   11493   1582716009      19099484             611.090           7.374     44.246541       -94.733647                                                                                         
MN      27017   00659454        Carlton County  35386   15656   2230967465      36005475             861.381          13.902     46.603818       -92.671044                                                                                       
MN      27019   00659455        Carver County   91042   34536   917697893       56429209             354.325          21.787     44.821381       -93.800575                                                                                         
MN      27021   00659456        Cass County     28567   24903   5235770376      1016739919          2021.542         392.565     46.951427       -94.333773                                                                                        
MN      27023   00659457        Chippewa County 12441   5721    1505097828      17235577             581.122           6.655     45.028625       -95.564108                                                                                       
MN      27025   00659458        Chisago County  53887   21172   1074486739      71347419             414.862          27.547     45.505444       -92.903849                                                                                       
MN      27027   00659459        Clay County     58999   23959   2707485607      18860171            1045.366           7.282     46.898377       -96.494901                                                                                          
MN      27029   00659460        Clearwater County       8695    4773    2587242195      79761638             998.940          30.796     47.575873       -95.371117                                                                                      
MN      27031   00659461        Cook County     5176    5839    3761380730      4888013531          1452.277        1887.273     47.538571       -90.290190                                                                                          
MN      27033   00659462        Cottonwood County       11687   5412    1653992908      25772471             638.610           9.951     44.010711       -95.183130                                                                                     
MN      27035   00659463        Crow Wing County        62500   40180   2587642841      407747951            999.095         157.432     46.491114       -94.071213                                                                                    
MN      27037   00659464        Dakota County   398552  159598  1456007312      63970735             562.168          24.699     44.670893       -93.062481                                                                                      
MN      27039   00659465        Dodge County    20087   7947    1137719781      800253       439.276           0.309     44.020706       -92.869353                                                                                            
MN      27041   00659466        Douglas County  36009   19905   1650598293      214205330            637.300          82.705     45.936429       -95.460610                                                                                      
MN      27043   00659467        Faribault County        14553   7090    1845304181      24420266             712.476           9.429     43.676522       -93.947234                                                                                      
MN      27045   00659468        Fillmore County 20866   9732    2230756787      2045248      861.300           0.790     43.677270       -92.093681                                                                                        
MN      27047   00659469        Freeborn County 31255   14231   1831346129      39715485             707.087          15.334     43.674202       -93.350289                                                                                      
MN      27049   00659470        Goodhue County  46183   20337   1960200576      61025171             756.838          23.562     44.406178       -92.716000                                                                                       
MN      27051   00659471        Grant County    6018    3324    1419728446      70764706             548.160          27.322     45.930743       -96.010699                                                                                           
MN      27053   00659472        Hennepin County 1152425 509469  1433793826      137155436            553.591          52.956     45.006064       -93.475185                                                                                  
MN      27055   00659473        Houston County  19027   8601    1429824576      43456185             552.058          16.779     43.666990       -91.501556                                                                                        
MN      27057   00659474        Hubbard County  20428   14622   2397485927      191360735            925.675          73.885     47.095551       -94.913290                                                                                      
MN      27059   00659475        Isanti County   37816   15321   1128701342      41083223             435.794          15.862     45.562431       -93.296339                                                                                        
MN      27061   00659476        Itasca County   45058   27065   6909367239      674021189           2667.722         260.241     47.490843       -93.613128                                                                                       
MN      27063   00659477        Jackson County  10266   4990    1820713972      42095902             702.982          16.253     43.673025       -95.149704                                                                                        
MN      27065   00659478        Kanabec County  16239   7849    1350902712      31329476             521.586          12.096     45.947760       -93.297788                                                                                        
MN      27067   00659479        Kandiyohi County        42239   19476   2063662339      169818708            796.785          65.567     45.152714       -95.004981                                                                                    
MN      27069   00659480        Kittson County  4552    2605    2845889450      12431026            1098.804           4.800     48.776040       -96.780349                                                                                         
MN      27071   00659481        Koochiching County      13311   7900    8039503592      129375868           3104.070          49.952     48.245489       -93.782842                                                                                   
MN      27073   00659482        Lac qui Parle County    7259    3692    1981394636      33643153             765.021          12.990     44.999855       -96.176836                                                                                   
MN      27075   00659484        Lake County     10866   7681    5463040779      2282654608          2109.292         881.338     47.517111       -91.411704                                                                                         
MN      27077   00659483        Lake of the Woods County        4045    3672    3361466280      1234895902          1297.869         476.796     48.768100       -94.904633                                                                             
MN      27079   00659485        Le Sueur County 27703   12416   1162284309      64870726             448.760          25.047     44.373397       -93.730180                                                                                      
MN      27081   00659486        Lincoln County  5896    3108    1390192941      30240167             536.757          11.676     44.408238       -96.272032                                                                                         
MN      27083   00659487        Lyon County     25857   11098   1850698900      18410959             714.559           7.109     44.409195       -95.847268                                                                                          
MN      27085   00659491        McLeod County   36651   15760   1272903896      36406906             491.471          14.057     44.821644       -94.272320                                                                                        
MN      27087   00659488        Mahnomen County 5413    2786    1444896195      64838188             557.878          25.034     47.325842       -95.810703                                                                                        
MN      27089   00659489        Marshall County 9439    4812    4597404993      98000478            1775.068          37.838     48.362728       -96.357761                                                                                        
MN      27091   00659490        Martin County   20840   10009   1844971122      44621825             712.347          17.229     43.677118       -94.537197                                                                                        
MN      27093   00659492        Meeker County   23300   10674   1575174983      94784627             608.178          36.597     45.123155       -94.527346                                                                                        
MN      27095   00659493        Mille Lacs County       26097   12750   1482276069      283011102            572.310         109.271     45.929043       -93.632996                                                                                   
MN      27097   00659494        Morrison County 33198   15731   2913897170      73362648            1125.062          28.325     46.020484       -94.266619                                                                                      
MN      27099   00659495        Mower County    39163   17027   1842332613      617163       711.329           0.238     43.666249       -92.759514                                                                                           
MN      27101   00659496        Murray County   8725    4556    1825169529      38332592             704.702          14.800     44.015594       -95.761581                                                                                          
MN      27103   00659497        Nicollet County 32727   12873   1161593168      47263601             448.494          18.249     44.358819       -94.245685                                                                                      
MN      27105   00659498        Nobles County   21378   8535    1852116504      19298885             715.106           7.451     43.677686       -95.763132                                                                                         
MN      27107   00659499        Norman County   6852    3421    2260512228      10208292             872.789           3.941     47.329470       -96.463807                                                                                          
MN      27109   00659500        Olmsted County  144248  60495   1692165422      3755969      653.349           1.450     44.003429       -92.406722                                                                                       
MN      27111   00659501        Otter Tail County       57303   35594   5107632889      653895064           1972.068         252.470     46.405725       -95.714578                                                                                   
MN      27113   00659502        Pennington County       13930   6297    1596909321      4351512      616.570           1.680     48.069247       -96.037725                                                                                      
MN      27115   00659503        Pine County     29750   17276   3655220961      60267678            1411.289          23.269     46.100940       -92.763094                                                                                          
MN      27117   00659504        Pipestone County        9596    4483    1204486122      2349264      465.055           0.907     44.015361       -96.257015                                                                                        
MN      27119   00659505        Polk County     31600   14610   5105199042      69042023            1971.128          26.657     47.774254       -96.400027                                                                                          
MN      27121   00659506        Pope County     10995   6435    1734549440      122740995            669.713          47.391     45.589623       -95.446705                                                                                          
MN      27123   00659507        Ramsey County   508640  217197  394228284       46271710             152.212          17.866     45.015250       -93.100141                                                                                       
MN      27125   00659508        Red Lake County 4089    1948    1119929367      227816       432.407           0.088     47.865487       -96.087180                                                                                          
MN      27127   00659509        Redwood County  16059   7272    2275491832      8230403      878.572           3.178     44.403536       -95.254241                                                                                         
MN      27129   00659510        Renville County 15730   7355    2545715384      10851943             982.906           4.190     44.723697       -94.955617                                                                                       
MN      27131   00659511        Rice County     64142   24453   1283814887      52450706             495.684          20.251     44.350943       -93.298503                                                                                          
MN      27133   00659512        Rock County     9687    4262    1249552632      698235       482.455           0.270     43.669587       -96.263238                                                                                              
MN      27135   00659513        Roseau County   15629   7469    4329428887      16925618            1671.602           6.535     48.761065       -95.821530                                                                                         
MN      27137   00662850        St. Louis County        200226  103058  16180692391     1585336402          6247.401         612.102     47.583852       -92.463645                                                                                
MN      27139   00659514        Scott County    129928  47124   923268376       30838423             356.476          11.907     44.651932       -93.534553                                                                                         
MN      27141   00659515        Sherburne County        88499   32379   1121251072      46945726             432.917          18.126     45.443171       -93.775092                                                                                     
MN      27143   00659516        Sibley County   15226   6582    1524931233      30410849             588.779          11.742     44.575734       -94.230123                                                                                         
MN      27145   00659517        Stearns County  150642  61974   3478697697      121259844           1343.133          46.819     45.555235       -94.610482                                                                                     
MN      27147   00659518        Steele County   36576   15343   1112775578      6976790      429.645           2.694     44.015261       -93.220453                                                                                         
MN      27149   00659519        Stevens County  9726    4160    1459726518      30342360             563.604          11.715     45.593461       -95.992315                                                                                         
MN      27151   00659520        Swift County    9783    4835    1921985452      26172205             742.083          10.105     45.275450       -95.690398                                                                                           
MN      27153   00659521        Todd County     24895   12917   2447491054      89402110             944.982          34.518     46.066569       -94.900576                                                                                          
MN      27155   00659522        Traverse County 3558    2073    1486399478      30952260             573.902          11.951     45.769840       -96.475049                                                                                        
MN      27157   00659523        Wabasha County  21676   9997    1354518312      68982638             522.982          26.634     44.289693       -92.233340                                                                                        
MN      27159   00659524        Wadena County   13843   6899    1388928925      18038953             536.268           6.965     46.586784       -94.988331                                                                                         
MN      27161   00659525        Waseca County   19136   7903    1096487773      24907919             423.356           9.617     44.018460       -93.589844                                                                                         
MN      27163   00659526        Washington County       238136  92374   995285532       99618899             384.282          38.463     45.037929       -92.890117                                                                                    
MN      27165   00659527        Watonwan County 11211   5047    1126508610      12386100             434.947           4.782     43.978366       -94.614128                                                                                       
MN      27167   00659528        Wilkin County   6576    3078    1944970552      550670       750.957           0.213     46.362335       -96.476657                                                                                            
MN      27169   00659529        Winona County   51461   20760   1621864753      39825401             626.206          15.377     43.982268       -91.776708                                                                                        
MN      27171   00659530        Wright County   124700  49000   1713164762      136781631            661.457          52.812     45.175091       -93.966396                                                                                      
MN      27173   00659531        Yellow Medicine County  10438   4760    1966062753      10685860             759.101           4.126     44.715736       -95.862756                                                                                
