USPS    GEOID   ANSICODE        NAME    POP10   HU10    ALAND   AWATER  ALAND_SQMI      AWATER_SQMI     INTPTLAT        INTPTLONG                                                                                                    
UT      49001   01448015        Beaver County   6629    2908    6707757757      5330823     2589.880           2.058     38.357535      -113.238948                                                                                           
UT      49003   01455966        Box Elder County        49975   17326   14880907163     2547942103          5745.551         983.766     41.476021      -113.052922                                                                                  
UT      49005   01448017        Cache County    112656  37024   3016851000      21264707            1164.813           8.210     41.734225      -111.744581                                                                                        
UT      49007   01448018        Carbon County   21403   9551    3829279233      15773974            1478.493           6.090     39.670050      -110.590357                                                                                         
UT      49009   01448019        Daggett County  1059    1141    1805167690      61461652             696.979          23.730     40.890099      -109.505785                                                                                         
UT      49011   01448020        Davis County    306479  97570   773832198       868122919            298.778         335.184     41.037045      -112.202123                                                                                        
UT      49013   01448021        Duchesne County 18607   9493    8394008306      38788291            3240.945          14.976     40.289649      -110.429830                                                                                       
UT      49015   01448022        Emery County    10976   4489    11557340590     24591482            4462.314           9.495     39.009028      -110.721111                                                                                         
UT      49017   01448023        Garfield County 5172    3726    13403502531     85795383            5175.121          33.126     37.831622      -111.450886                                                                                       
UT      49019   01448024        Grand County    9225    4816    9509252821      31439319            3671.543          12.139     38.974326      -109.573450                                                                                           
UT      49021   01448025        Iron County     46163   19667   8538363871      11393799            3296.681           4.399     37.882727      -113.290059                                                                                          
UT      49023   01455158        Juab County     10246   3502    8785958124      36571957            3392.278          14.121     39.710826      -112.794262                                                                                           
UT      49025   01448026        Kane County     7125    5815    10334644139     306367710           3990.229         118.289     37.275118      -111.815413                                                                                          
UT      49027   01448027        Millard County  12503   4939    17022500900     661655253           6572.425         255.467     39.094540      -113.525014                                                                                      
UT      49029   01448028        Morgan County   9469    3006    1577810469      4427355      609.196           1.709     41.091027      -111.577885                                                                                           
UT      49031   01448029        Piute County    1556    898     1962668913      20528115             757.791           7.926     38.335881      -112.129375                                                                                            
UT      49033   01448030        Rich County     2264    2834    2664514120      149136058           1028.775          57.582     41.627598      -111.240227                                                                                           
UT      49035   01448031        Salt Lake County        1029655 364031  1922501205      168569885            742.282          65.085     40.667882      -111.924244                                                                                 
UT      49037   01448032        San Juan County 14746   5734    20253675635     293096059           7819.988         113.165     37.623064      -109.789320                                                                                     
UT      49039   01448033        Sanpete County  27822   10379   4118475669      32075864            1590.152          12.385     39.380588      -111.570451                                                                                       
UT      49041   01448034        Sevier County   20802   8449    4948372346      20259931            1910.577           7.822     38.746824      -111.811930                                                                                         
UT      49043   01448035        Summit County   36324   26545   4847710464      26571027            1871.712          10.259     40.872060      -110.968486                                                                                        
UT      49045   01448036        Tooele County   58218   19455   17978017875     892840669           6941.352         344.728     40.467692      -113.124015                                                                                      
UT      49047   01448037        Uintah County   32588   11972   11602350635     56186719            4479.693          21.694     40.125887      -109.517748                                                                                       
UT      49049   01448038        Utah County     516564  148350  5188922666      364307082           2003.454         140.660     40.120409      -111.668667                                                                                       
UT      49051   01448039        Wasatch County  23530   10577   3044533262      78953594            1175.501          30.484     40.334884      -111.161568                                                                                       
UT      49053   01448040        Washington County       138115  57734   6284236933      9307859     2426.358           3.594     37.262531      -113.487800                                                                                    
UT      49055   01448041        Wayne County    2778    1591    6373122094      15054792            2460.676           5.813     38.261229      -110.990322                                                                                           
UT      49057   01448042        Weber County    231236  86187   1492050864      215752373            576.084          83.302     41.270355      -111.875879                                                                                       
