USPS    GEOID   ANSICODE        NAME    POP10   HU10    ALAND   AWATER  ALAND_SQMI      AWATER_SQMI     INTPTLAT        INTPTLONG                                                                                                    
VT      50001   01461757        Addison County  36821   16760   1984773428      107309272            766.325          41.432     44.031248       -73.141581                                                                                      
VT      50003   01461758        Bennington County       37125   20922   1748190656      6931622      674.980           2.676     43.035325       -73.111460                                                                                     
VT      50005   01461759        Caledonia County        31227   15942   1680549138      22462605             648.864           8.673     44.468791       -72.112168                                                                                     
VT      50007   01461760        Chittenden County       156545  65722   1389731195      214245176            536.578          82.721     44.460675       -73.070525                                                                                  
VT      50009   01461761        Essex County    6306    5019    1718710619      30291452             663.598          11.696     44.724021       -71.732736                                                                                           
VT      50011   01461762        Franklin County 47746   21588   1641291023      150933050            633.706          58.276     44.858964       -72.909402                                                                                     
VT      50013   01461763        Grand Isle County       6970    5048    211890629       292297787             81.811         112.857     44.801788       -73.300758                                                                                      
VT      50015   01461764        Lamoille County 24475   12969   1188278167      12661498             458.797           4.889     44.603504       -72.638355                                                                                      
VT      50017   01461765        Orange County   28936   14845   1779407245      13552112             687.033           5.232     44.003392       -72.369687                                                                                        
VT      50019   01461766        Orleans County  27231   16162   1795556430      72249285             693.268          27.896     44.828442       -72.251630                                                                                       
VT      50021   01461767        Rutland County  61642   33768   2408224790      38744350             929.821          14.959     43.580844       -73.038196                                                                                       
VT      50023   01461768        Washington County       59534   29941   1779926134      21213229             687.233           8.190     44.274953       -72.609475                                                                                    
VT      50025   01461769        Windham County  44513   29735   2033930747      33055836             785.305          12.763     42.999143       -72.716335                                                                                       
VT      50027   01461770        Windsor County  56670   34118   2510570288      19288908             969.337           7.447     43.588143       -72.591514                                                                                       
