USPS    GEOID   ANSICODE        NAME    POP10   HU10    ALAND   AWATER  ALAND_SQMI      AWATER_SQMI     INTPTLAT        INTPTLONG                                                                                                    
WA      53001   01531601        Adams County    18728   6242    4985668796      12623299            1924.978           4.874     47.004840      -118.533308                                                                                          
WA      53003   01533502        Asotin County   21623   9872    1647784012      11475136             636.213           4.431     46.181861      -117.227781                                                                                         
WA      53005   01513302        Benton County   175177  68618   4403961281      154412831           1700.379          59.619     46.228072      -119.516864                                                                                      
WA      53007   01531932        Chelan County   72453   35465   7564124657      189992686           2920.525          73.357     47.859891      -120.618543                                                                                       
WA      53009   01531341        Clallam County  71404   35582   4502251295      2414668004          1738.329         932.309     48.113009      -123.930611                                                                                     
WA      53011   01531820        Clark County    425363  167413  1629112686      70523141             629.004          27.229     45.771674      -122.485903                                                                                       
WA      53013   01513273        Columbia County 4078    2136    2249738808      12566851             868.629           4.852     46.292850      -117.911634                                                                                        
WA      53015   01529156        Cowlitz County  102410  43450   2952910628      67563094            1140.125          26.086     46.185923      -122.658682                                                                                      
WA      53017   01531818        Douglas County  38431   16004   4711872269      76122749            1819.264          29.391     47.735866      -119.695880                                                                                       
WA      53019   01531821        Ferry County    7551    4403    5706154501      140280530           2203.159          54.163     48.437246      -118.517074                                                                                          
WA      53021   01531822        Franklin County 78163   24423   3217208258      60193369            1242.171          23.241     46.534580      -118.906944                                                                                      
WA      53023   01533500        Garfield County 2266    1233    1840669150      19490282             710.686           7.525     46.429474      -117.536714                                                                                        
WA      53025   01531924        Grant County    89120   35083   6939907170      289575234           2679.513         111.806     47.213633      -119.467788                                                                                        
WA      53027   01531823        Grays Harbor County     72797   35166   4926225833      834957671           1902.027         322.379     47.142786      -123.827043                                                                                 
WA      53029   01513272        Island County   78506   40234   539879663       800115268            208.449         308.926     48.158436      -122.670503                                                                                        
WA      53031   01531936        Jefferson County        29872   17767   4671561779      982751274           1803.700         379.442     47.802641      -123.521810                                                                                    
WA      53033   01531933        King County     1931249 851261  5479291809      495471264           2115.566         191.303     47.493554      -121.832375                                                                                      
WA      53035   01529223        Kitsap County   251133  107367  1022893152      442829766            394.941         170.978     47.639687      -122.649636                                                                                     
WA      53037   01531926        Kittitas County 40915   21900   5949903934      92370342            2297.271          35.664     47.124444      -120.676714                                                                                      
WA      53039   01529219        Klickitat County        20318   9786    4846679228      85063380            1871.313          32.843     45.869509      -120.780117                                                                                      
WA      53041   01531927        Lewis County    75455   34050   6223229463      86636927            2402.802          33.451     46.580071      -122.377444                                                                                         
WA      53043   01514052        Lincoln County  10570   5776    5984151955      74744197            2310.494          28.859     47.582718      -118.417667                                                                                        
WA      53045   01529221        Mason County    60699   32518   2484878730      237245899            959.417          91.601     47.354126      -123.173850                                                                                        
WA      53047   01531928        Okanogan County 41120   22245   13643999206     121250186           5267.978          46.815     48.550971      -119.691035                                                                                    
WA      53049   01513274        Pacific County  20920   15547   2415572451      752977439            932.658         290.726     46.556587      -123.782419                                                                                      
WA      53051   01529157        Pend Oreille County     13001   7936    3625955333      65405307            1399.989          25.253     48.543877      -117.232183                                                                                   
WA      53053   01529159        Pierce County   795225  325375  4324005310      354658008           1669.508         136.934     47.040716      -122.144709                                                                                     
WA      53055   01531931        San Juan County 15769   13313   450437066       1158109609           173.915         447.149     48.508861      -123.100616                                                                                     
WA      53057   01531402        Skagit County   116901  51473   4483794950      489329871           1731.203         188.931     48.493066      -121.816278                                                                                      
WA      53059   01529220        Skamania County 11066   5628    4288183445      72852866            1655.677          28.129     46.024782      -121.953227                                                                                       
WA      53061   01529222        Snohomish County        713335  286659  5406013264      282371494           2087.273         109.024     48.054913      -121.766412                                                                                  
WA      53063   01529225        Spokane County  471221  201434  4568198649      43802705            1763.791          16.912     47.620379      -117.404392                                                                                     
WA      53065   01531930        Stevens County  43531   21156   6417380728      163131299           2477.765          62.985     48.390648      -117.854897                                                                                      
WA      53067   01529226        Thurston County 252264  108182  1869871525      133491584            721.961          51.541     46.932598      -122.829441                                                                                   
WA      53069   01513275        Wahkiakum County        3978    2067    682138841       61658244             263.375          23.806     46.294638      -123.424458                                                                                        
WA      53071   01531819        Walla Walla County      58781   23451   3289618915      74827643            1270.129          28.891     46.254606      -118.480374                                                                                   
WA      53073   01529224        Whatcom County  201140  90665   5456733620      1027224451          2106.857         396.614     48.842653      -121.836432                                                                                    
WA      53075   01533501        Whitman County  44776   19323   5592015929      47940249            2159.090          18.510     46.903322      -117.522962                                                                                       
WA      53077   01531929        Yakima County   243231  85474   11125023321     41131437            4295.396          15.881     46.456558      -120.740145                                                                                      
