USPS    GEOID   ANSICODE        NAME    POP10   HU10    ALAND   AWATER  ALAND_SQMI      AWATER_SQMI     INTPTLAT        INTPTLONG                                                                                                    
NM      35001   01702363        Bernalillo County       662564  284234  3006530549      16471335            1160.828           6.360     35.054002      -106.669064                                                                                  
NM      35003   00929108        Catron County   3725    3289    17932273698     14194494            6923.690           5.481     33.901813      -108.392097                                                                                         
NM      35005   01702364        Chaves County   65645   26697   15708988921     25507475            6065.275           9.848     33.361604      -104.469837                                                                                       
NM      35006   00933051        Cibola County   27213   11101   11757199036     5829909     4539.480           2.251     34.932050      -108.000255                                                                                        
NM      35007   00929117        Colfax County   13750   10023   9733329419      26318644            3758.060          10.162     36.612962      -104.640126                                                                                        
NM      35009   00933053        Curry County    48376   20062   3638407189      8174297     1404.797           3.156     34.572984      -103.346055                                                                                          
NM      35011   00933054        De Baca County  2022    1344    6015566556      29159790            2322.623          11.259     34.351429      -104.401527                                                                                         
NM      35013   00929109        Doña Ana County 209233  81492   9861408558      17789635            3807.511           6.869     32.350912      -106.832182                                                                                     
NM      35015   00936829        Eddy County     53829   22585   10815079253     56452500            4175.726          21.796     32.457858      -104.306471                                                                                         
NM      35017   00915980        Grant County    29514   14693   10260561575     15349532            3961.625           5.926     32.732087      -108.381504                                                                                        
NM      35019   00929111        Guadalupe County        4687    2393    7848912419      2887727     3030.482           1.115     34.869782      -104.784968                                                                                        
NM      35021   00933055        Harding County  695     526     5504869120      1154341     2125.442           0.446     35.863152      -103.829931                                                                                            
NM      35023   00929106        Hidalgo County  4894    2393    8901429611      23652107            3436.861           9.132     31.899658      -108.745729                                                                                         
NM      35025   01702365        Lea County      64727   24919   11372460346     8468799     4390.932           3.270     32.795687      -103.413271                                                                                           
NM      35027   00929116        Lincoln County  20497   17519   12512467751     564272      4831.091           0.218     33.740941      -105.449083                                                                                        
NM      35028   01702366        Los Alamos County       17950   8354    282740301       229940       109.167           0.089     35.870047      -106.307968                                                                                        
NM      35029   00933057        Luna County     25095   10999   7679802477      431981      2965.188           0.167     32.184482      -107.746639                                                                                            
NM      35031   00929107        McKinley County 71492   25813   14114940579     14160591            5449.809           5.467     35.573732      -108.255307                                                                                     
NM      35033   01702367        Mora County     4881    3232    5001977314      6079125     1931.274           2.347     35.982841      -104.921898                                                                                             
NM      35035   00929104        Otero County    63797   30992   17128132348     37018891            6613.209          14.293     32.588776      -105.781079                                                                                        
NM      35037   00929110        Quay County     9041    5569    7444529760      18734854            2874.349           7.234     35.107018      -103.548071                                                                                            
NM      35039   01702368        Rio Arriba County       40246   19638   15179497392     91459754            5860.837          35.313     36.509669      -106.693983                                                                                   
NM      35041   01702369        Roosevelt County        19846   8163    6338816708      18703928            2447.431           7.222     34.021457      -103.482725                                                                                      
NM      35043   00929113        Sandoval County 131561  52287   9610539961      13708090            3710.650           5.293     35.685073      -106.882618                                                                                     
NM      35045   00936844        San Juan County 130044  49341   14278776370     65673845            5513.067          25.357     36.511624      -108.324578                                                                                    
NM      35047   00929114        San Miguel County       29393   15595   12213918594     51380222            4715.821          19.838     35.476876      -104.803515                                                                                   
NM      35049   00933322        Santa Fe County 144170  71267   4945359181      3774631     1909.414           1.457     35.513722      -105.966441                                                                                      
NM      35051   01702370        Sierra County   11988   8356    10823447042     148324021           4178.956          57.268     33.119479      -107.188161                                                                                       
NM      35053   01702371        Socorro County  17866   8059    17214817782     5360180     6646.679           2.070     33.991614      -106.939003                                                                                        
NM      35055   00933056        Taos County     32937   20265   5706029510      3385868     2203.110           1.307     36.576529      -105.637986                                                                                           
NM      35057   00929112        Torrance County 16383   7798    8663108604      2301144     3344.845           0.888     34.634644      -105.846836                                                                                        
NM      35059   00929115        Union County    4549    2305    9903449966      18468287            3823.744           7.131     36.488085      -103.475723                                                                                           
NM      35061   00933052        Valencia County 76569   30085   2761380350      5489464     1066.175           2.119     34.716840      -106.806582                                                                                       
