USPS    GEOID   ANSICODE        NAME    POP10   HU10    ALAND   AWATER  ALAND_SQMI      AWATER_SQMI     INTPTLAT        INTPTLONG                                                                                                    
VA      51001   01480091        Accomack County 33164   21002   1164189289      2228794013           449.496         860.542     37.765944       -75.757807                                                                                    
VA      51003   01675170        Albemarle County        98970   42122   1866599905      14035672             720.698           5.419     38.024184       -78.553506                                                                                     
VA      51005   01673675        Alleghany County        16250   8074    1153727336      8535515      445.457           3.296     37.787905       -80.008669                                                                                       
VA      51007   01497770        Amelia County   12690   5359    920142596       8424838      355.269           3.253     37.336131       -77.973218                                                                                           
VA      51009   01480095        Amherst County  32353   13976   1227484444      12730183             473.934           4.915     37.630362       -79.147848                                                                                       
VA      51011   01497238        Appomattox County       14973   6921    863744566       3204517      333.494           1.237     37.370725       -78.810940                                                                                       
VA      51013   01480097        Arlington County        207627  105404  67273573        244125        25.974           0.094     38.878337       -77.100703                                                                                       
VA      51015   01480098        Augusta County  73750   31194   2504515631      9987990      966.999           3.856     38.167807       -79.146682                                                                                        
VA      51017   01673638        Bath County     4731    3270    1370512659      14049862             529.158           5.425     38.068988       -79.732898                                                                                            
VA      51019   01674818        Bedford County  68676   31937   1950314965      42043879             753.021          16.233     37.312408       -79.527947                                                                                       
VA      51021   01494613        Bland County    6824    3265    926503435       2598063      357.725           1.003     37.130612       -81.125853                                                                                             
VA      51023   01674418        Botetourt County        33148   14562   1401706839      12195597             541.202           4.709     37.553193       -79.805318                                                                                     
VA      51025   01493961        Brunswick County        17434   8166    1466381601      8317961      566.173           3.212     36.764531       -77.860916                                                                                       
VA      51027   01497431        Buchanan County 24098   11576   1302149008      2798065      502.763           1.080     37.268120       -82.038151                                                                                       
VA      51029   01501502        Buckingham County       17146   7244    1501304577      10098910             579.657           3.899     37.573928       -78.529169                                                                                     
VA      51031   01674917        Campbell County 54842   24769   1305008854      8962147      503.867           3.460     37.210151       -79.095428                                                                                       
VA      51033   01480107        Caroline County 28545   11729   1366252458      24233022             527.513           9.356     38.030319       -77.352348                                                                                      
VA      51035   01480108        Carroll County  30042   16569   1229441060      7648352      474.690           2.953     36.732426       -80.728043                                                                                        
VA      51036   01480109        Charles City County     7256    3229    473494077       55490534             182.817          21.425     37.361048       -77.054171                                                                                     
VA      51037   01492442        Charlotte County        12586   6273    1230945745      5827738      475.271           2.250     37.014091       -78.661424                                                                                       
VA      51041   01480111        Chesterfield County     316236  122555  1096334108      35372995             423.297          13.658     37.378434       -77.585847                                                                                
VA      51043   01690562        Clarke County   14034   6235    456297605       5658686      176.177           2.185     39.115931       -77.992004                                                                                           
VA      51045   01673664        Craig County    5190    2809    853489575       2798854      329.534           1.081     37.473129       -80.231734                                                                                             
VA      51047   01497831        Culpeper County 46689   17657   982210871       8572037      379.234           3.310     38.485930       -77.956476                                                                                        
VA      51049   01494109        Cumberland County       10052   4626    770419651       5931713      297.461           2.290     37.520189       -78.252836                                                                                       
VA      51051   01497376        Dickenson County        15903   7579    856074924       8106974      330.532           3.130     37.137081       -82.349208                                                                                        
VA      51053   01690739        Dinwiddie County        28001   11422   1304619086      9001586      503.716           3.476     37.073498       -77.635492                                                                                      
VA      51057   01480118        Essex County    11151   5757    665944393       74793611             257.123          28.878     37.939480       -76.941871                                                                                           
VA      51059   01480119        Fairfax County  1081726 407998  1012604465      39567297             390.969          15.277     38.833742       -77.276117                                                                                    
VA      51061   01480120        Fauquier County 65203   25600   1676885536      9779829      647.449           3.776     38.744103       -77.821585                                                                                       
VA      51063   01494354        Floyd County    15279   7790    985283867       2257557      380.420           0.872     36.931438       -80.350309                                                                                            
VA      51065   01494061        Fluvanna County 25691   10383   740750095       10731289             286.005           4.143     37.830606       -78.284445                                                                                       
VA      51067   01494434        Franklin County 56159   29315   1788195297      54706602             690.426          21.122     36.992350       -79.883959                                                                                      
VA      51069   01480124        Frederick County        78305   31346   1070949703      5207928      413.496           2.011     39.203637       -78.263916                                                                                      
VA      51071   01494551        Giles County    17286   8319    921469073       12017000             355.781           4.640     37.311930       -80.717178                                                                                           
VA      51073   01480126        Gloucester County       36858   15852   564116907       181748785            217.807          70.174     37.403541       -76.523505                                                                                    
VA      51075   01674271        Goochland County        21717   8618    728861838       21988018             281.415           8.490     37.724166       -77.914273                                                                                       
VA      51077   01501196        Grayson County  15533   9156    1145227587      9790865      442.175           3.780     36.656303       -81.225337                                                                                         
VA      51079   01480129        Greene County   18403   7509    404675804       1706935      156.246           0.659     38.297981       -78.470163                                                                                           
VA      51081   01501122        Greensville County      12243   4090    764632769       4093693      295.226           1.581     36.680225       -77.560261                                                                                      
VA      51083   01496705        Halifax County  36241   18004   2118193284      30547676             817.839          11.795     36.766461       -78.939614                                                                                       
VA      51085   01480132        Hanover County  99863   38360   1213502928      13648770             468.536           5.270     37.760165       -77.490992                                                                                       
VA      51087   01480133        Henrico County  306935  132778  605271846       29034990             233.697          11.210     37.437520       -77.300333                                                                                      
VA      51089   01502770        Henry County    54151   26268   990240760       5299482      382.334           2.046     36.620593       -79.980584                                                                                           
VA      51091   01673774        Highland County 2321    1837    1075249079      1805636      415.156           0.697     38.356672       -79.567958                                                                                         
VA      51093   01702378        Isle of Wight County    35270   14633   817432028       122288802            315.612          47.216     36.901418       -76.707569                                                                                 
VA      51095   01480135        James City County       67009   29797   368909132       95320887             142.437          36.804     37.324427       -76.778319                                                                                     
VA      51097   01480136        King and Queen County   6945    3414    816203901       28872700             315.138          11.148     37.720994       -76.891090                                                                                   
VA      51099   01480137        King George County      23584   9477    465255721       21034751             179.636           8.122     38.277179       -77.162702                                                                                     
VA      51101   01480138        King William County     15935   6522    709504582       30285503             273.941          11.693     37.708260       -77.091054                                                                                    
VA      51103   01480139        Lancaster County        11391   7402    345115848       254201621            133.250          98.148     37.703831       -76.413199                                                                                      
VA      51105   01496538        Lee County      25587   11745   1127987182      4897841      435.518           1.891     36.702162       -83.130334                                                                                            
VA      51107   01480141        Loudoun County  312311  109442  1335297272      14445102             515.561           5.577     39.081130       -77.638857                                                                                     
VA      51109   01494707        Louisa County   33153   16319   1285411656      37739413             496.300          14.571     37.971681       -77.959178                                                                                        
VA      51111   01492239        Lunenburg County        12914   5935    1118054299      1795027      431.683           0.693     36.945757       -78.242313                                                                                       
VA      51113   01494590        Madison County  13308   5932    830565702       3085790      320.683           1.191     38.412059       -78.276961                                                                                          
VA      51115   01480145        Mathews County  8978    5669    222555448       430023616             85.929         166.033     37.425348       -76.268808                                                                                         
VA      51117   01500747        Mecklenburg County      32727   18591   1619998831      139194241            625.485          53.743     36.687256       -78.368959                                                                                  
VA      51119   01480147        Middlesex County        10959   7133    337492226       208378288            130.306          80.455     37.606828       -76.527958                                                                                      
VA      51121   01674630        Montgomery County       94392   38569   1002361193      5830296      387.014           2.251     37.174884       -80.387314                                                                                     
VA      51125   01500936        Nelson County   15020   9931    1219510167      8934492      470.856           3.450     37.790016       -78.879393                                                                                          
VA      51127   01480150        New Kent County 18429   7295    543196546       35592371             209.729          13.742     37.498974       -76.993339                                                                                        
VA      51131   01480151        Northampton County      12389   7301    548073024       1511612271           211.612         583.637     37.302629       -75.923868                                                                                   
VA      51133   01480152        Northumberland County   12330   8995    495452184       244302267            191.295          94.326     37.856974       -76.379687                                                                                 
VA      51135   01493928        Nottoway County 15853   6650    814271729       4291758      314.392           1.657     37.143695       -78.052162                                                                                         
VA      51137   01494761        Orange County   33481   14616   882624058       6426574      340.783           2.481     38.250439       -78.009980                                                                                          
VA      51139   01500440        Page County     24042   11600   805112691       8338367      310.856           3.219     38.623751       -78.490471                                                                                            
VA      51141   01497999        Patrick County  18490   10083   1251212174      7165464      483.096           2.767     36.667327       -80.286141                                                                                        
VA      51143   01480157        Pittsylvania County     63506   31307   2509545576      23916652             968.941           9.234     36.821721       -79.398502                                                                                  
VA      51145   01674225        Powhatan County 28046   10043   673969480       5505282      260.221           2.126     37.549404       -77.912855                                                                                        
VA      51147   01492359        Prince Edward County    23368   9149    906392425       10040456             349.960           3.877     37.224881       -78.432957                                                                                   
VA      51149   01480160        Prince George County    35725   12056   686749234       43215046             265.155          16.685     37.187325       -77.220993                                                                                  
VA      51153   01480161        Prince William County   402002  137115  871276091       31269436             336.402          12.073     38.702332       -77.478887                                                                               
VA      51155   01501465        Pulaski County  34872   17235   828427584       25216023             319.858           9.736     37.063385       -80.713444                                                                                        
VA      51157   01673976        Rappahannock County     7373    3839    689525028       2068623      266.227           0.799     38.684522       -78.168824                                                                                      
VA      51159   01480164        Richmond County 9254    3850    495962821       64400119             191.492          24.865     37.942894       -76.730561                                                                                         
VA      51161   01480165        Roanoke County  92376   40016   648838102       1887387      250.518           0.729     37.331077       -80.190110                                                                                         
VA      51163   01480166        Rockbridge County       22307   11152   1547668571      8841414      597.558           3.414     37.814517       -79.447754                                                                                     
VA      51165   01488970        Rockingham County       76314   33660   2199121564      11060921             849.086           4.271     38.511257       -78.876307                                                                                    
VA      51167   01497573        Russell County  28897   13484   1227192858      7593794      473.822           2.932     36.933420       -82.095934                                                                                        
VA      51169   01498172        Scott County    23177   11916   1387017232      8052092      535.530           3.109     36.712778       -82.613627                                                                                          
VA      51171   01673918        Shenandoah County       41993   20876   1317722983      8801811      508.776           3.398     38.856204       -78.573987                                                                                     
VA      51173   01500545        Smyth County    32208   15427   1167897823      3526059      450.928           1.361     36.842318       -81.539786                                                                                          
VA      51175   01480171        Southampton County      18570   7473    1551777074      8248296      599.145           3.185     36.720173       -77.103856                                                                                     
VA      51177   01480172        Spotsylvania County     122397  45185   1039870690      33047780             401.496          12.760     38.182311       -77.656280                                                                                 
VA      51179   01480173        Stafford County 128961  43978   696591933       28419416             268.956          10.973     38.418933       -77.459043                                                                                      
VA      51181   01480174        Surry County    7058    3444    722475771       81216951             278.949          31.358     37.119761       -76.880172                                                                                            
VA      51183   01690257        Sussex County   12087   4696    1269664203      6755314      490.220           2.608     36.926645       -77.259732                                                                                          
VA      51185   01497748        Tazewell County 45078   20826   1343805085      2914823      518.846           1.125     37.125395       -81.562924                                                                                       
VA      51187   01674058        Warren County   37575   16034   552872306       8483552      213.465           3.276     38.908187       -78.207131                                                                                          
VA      51191   01498359        Washington County       54876   25601   1452917904      12999399             560.975           5.019     36.747813       -81.950291                                                                                    
VA      51193   01480179        Westmoreland County     17454   10618   594077407       61102580             229.375          23.592     38.109191       -76.804170                                                                                   
VA      51195   01496656        Wise County     41452   17940   1044253435      5284512      403.189           2.040     36.974561       -82.621560                                                                                           
VA      51197   01501379        Wythe County    29235   14079   1196118581      7311859      461.824           2.823     36.901471       -81.084209                                                                                          
VA      51199   01480182        York County     65464   26849   271379438       285360315            104.780         110.178     37.220914       -76.395533                                                                                          
VA      51510   01498415        Alexandria city 139966  72376   38919733        1140371       15.027           0.440     38.818343       -77.082026                                                                                        
VA      51515   01793650        Bedford city    6222    2920    17814175        61318          6.878           0.024     37.338156       -79.520705                                                                                                
VA      51520   01498416        Bristol city    17835   8831    33703512        363160        13.013           0.140     36.616954       -82.157564                                                                                              
VA      51530   01498417        Buena Vista city        6650    2936    17362236        223855         6.704           0.086     37.731663       -79.356375                                                                                           
VA      51540   01789068        Charlottesville city    43475   19189   26517362        52974         10.238           0.020     38.037658       -78.485381                                                                                      
VA      51550   01498558        Chesapeake city 222209  83196   882669156       26052854             340.800          10.059     36.679376       -76.301788                                                                                      
VA      51570   01498420        Colonial Heights city   17411   7831    19476234        757309         7.520           0.292     37.261685       -77.396804                                                                                     
VA      51580   01789069        Covington city  5961    3067    14163340        522061         5.468           0.202     37.778143       -79.986039                                                                                             
VA      51590   01498421        Danville city   43055   22438   111198695       2627087       42.934           1.014     36.583334       -79.408071                                                                                          
VA      51595   01498422        Emporia city    5927    2565    17854907        191799         6.894           0.074     36.696182       -77.535975                                                                                               
VA      51600   01789070        Fairfax city    22565   8680    16159465        95054          6.239           0.037     38.853183       -77.299025                                                                                               
VA      51610   01498423        Falls Church city       12332   5489    5176813 6              1.999           0.000     38.883787       -77.174639                                                                                               
VA      51620   01498424        Franklin city   8582    3901    21252884        369830         8.206           0.143     36.684014       -76.941396                                                                                              
VA      51630   01498425        Fredericksburg city     24286   10467   27039905        182486        10.440           0.070     38.299272       -77.486658                                                                                      
VA      51640   01498426        Galax city      7042    3252    21340428        103782         8.240           0.040     36.665640       -80.914308                                                                                                 
VA      51650   01498554        Hampton city    137436  59566   133160054       219853142             51.413          84.886     37.048030       -76.297149                                                                                        
VA      51660   01498563        Harrisonburg city       48914   17444   45112613        149955        17.418           0.058     38.436013       -78.874197                                                                                        
VA      51670   01498428        Hopewell city   22591   10121   26620504        1357034       10.278           0.524     37.291010       -77.298944                                                                                           
VA      51678   01789071        Lexington city  7042    2546    6466940 68429          2.497           0.026     37.782332       -79.444320                                                                                               
VA      51680   01498429        Lynchburg city  75568   31992   127239697       1344996       49.128           0.519     37.399016       -79.195458                                                                                         
VA      51683   01498430        Manassas city   37821   13123   25590863        148539         9.881           0.057     38.747561       -77.484727                                                                                            
VA      51685   01498431        Manassas Park city      14273   4904    6562394 2623           2.534           0.001     38.768991       -77.448680                                                                                           
VA      51690   01789072        Martinsville city       13821   7205    28376620        133615        10.956           0.052     36.683527       -79.863647                                                                                         
VA      51700   01498555        Newport News city       180719  76198   177967764       131476125             68.714          50.763     37.075978       -76.521719                                                                                   
VA      51710   01498557        Norfolk city    242803  95018   140171293       109376999             54.120          42.231     36.923015       -76.244641                                                                                        
VA      51720   01498434        Norton city     3958    1945    19375334        89169          7.481           0.034     36.931549       -82.625996                                                                                                 
VA      51730   01498435        Petersburg city 32420   16326   59393052        637650        22.932           0.246     37.204730       -77.392368                                                                                          
VA      51735   01498436        Poquoson city   12150   4726    39669842        163451700             15.317          63.109     37.128360       -76.303534                                                                                          
VA      51740   01498556        Portsmouth city 95535   40806   87159966        33876240              33.653          13.080     36.859430       -76.356269                                                                                        
VA      51750   01498438        Radford city    16408   6427    25567146        867994         9.872           0.335     37.120036       -80.557048                                                                                              
VA      51760   01789073        Richmond city   204214  98349   154894705       6880315       59.805           2.657     37.531399       -77.476009                                                                                         
VA      51770   01498439        Roanoke city    97032   47453   110234185       884101        42.562           0.341     37.277830       -79.958472                                                                                            
VA      51775   01789074        Salem city      24802   10832   37390584        263478        14.437           0.102     37.285333       -80.055241                                                                                               
VA      51790   01789075        Staunton city   23746   11738   51735515        155196        19.975           0.060     38.158056       -79.061501                                                                                            
VA      51800   01498560        Suffolk city    84585   33035   1036429624      74908984             400.168          28.923     36.697157       -76.634781                                                                                         
VA      51810   01498559        Virginia Beach city     437994  177879  644948896       643150238            249.016         248.322     36.779322       -76.024020                                                                                
VA      51820   01498443        Waynesboro city 21006   9717    38950817        419089        15.039           0.162     38.067157       -78.901420                                                                                           
VA      51830   01789076        Williamsburg city       14068   5176    23366983        417860         9.022           0.161     37.269293       -76.706717                                                                                         
VA      51840   01789077        Winchester city 26203   11872   23912611        54101          9.233           0.021     39.173869       -78.176356                                                                                           
