USPS    GEOID   ANSICODE        NAME    POP10   HU10    ALAND   AWATER  ALAND_SQMI      AWATER_SQMI     INTPTLAT        INTPTLONG                                                                                                    
MT      30001   01719627        Beaverhead County       9246    5273    14352738393     78393828            5541.624          30.268     45.133863      -112.892869                                                                                     
MT      30003   01716521        Big Horn County 12865   4695    12938187715     49592964            4995.462          19.148     45.407869      -107.518163                                                                                      
MT      30005   01722470        Blaine County   6491    2843    10949294445     29085813            4227.546          11.230     48.428282      -108.967648                                                                                         
MT      30007   01719625        Broadwater County       5612    2695    3088667752      119697770           1192.541          46.216     46.334476      -111.496103                                                                                     
MT      30009   01720111        Carbon County   10078   6441    5306336324      34640087            2048.788          13.375     45.224475      -109.028551                                                                                         
MT      30011   01688746        Carter County   1160    810     8652506323      19496295            3340.752           7.528     45.516825      -104.515324                                                                                           
MT      30013   01719622        Cascade County  81327   37276   6988196577      34515098            2698.158          13.326     47.316443      -111.350571                                                                                       
MT      30015   01719619        Chouteau County 5813    2879    10288696814     62773734            3972.488          24.237     47.886837      -110.436189                                                                                       
MT      30017   01720109        Custer County   11699   5560    9798863306      25524624            3783.362           9.855     46.261481      -105.550508                                                                                         
MT      30019   01637566        Daniels County  1751    1111    3693594413      1021700     1426.105           0.394     48.794429      -105.541739                                                                                          
MT      30021   01715632        Dawson County   8966    4233    6143100615      29283737            2371.865          11.307     47.272425      -104.901027                                                                                          
MT      30023   01719617        Deer Lodge County       9298    5122    1907605107      12098953             736.530           4.671     46.099059      -113.139108                                                                                      
MT      30025   01688745        Fallon County   2890    1470    4197780621      5915343     1620.772           2.284     46.318184      -104.405718                                                                                           
MT      30027   01719614        Fergus County   11586   5836    11240038932     27482986            4339.803          10.611     47.222997      -109.223280                                                                                        
MT      30029   01719611        Flathead County 90928   46963   13176979222     437135591           5087.660         168.779     48.314696      -114.054319                                                                                    
MT      30031   01720053        Gallatin County 89513   42289   6740934490      76086709            2602.689          29.377     45.535559      -111.173443                                                                                      
MT      30033   01716058        Garfield County 1206    844     12109116880     445782449           4675.356         172.118     47.281174      -106.982212                                                                                       
MT      30035   01719607        Glacier County  13399   5348    7759441299      106156930           2995.937          40.987     48.705671      -112.990502                                                                                       
MT      30037   01723078        Golden Valley County    884     476     3044122460      2588281     1175.342           0.999     46.380624      -109.174586                                                                                      
MT      30039   01719605        Granite County  3079    2822    4473983997      14583588            1727.415           5.631     46.395358      -113.425683                                                                                         
MT      30041   01720048        Hill County     16096   7250    7508258549      44208947            2898.955          17.069     48.628331      -110.106372                                                                                           
MT      30043   01720045        Jefferson County        11406   5055    4289687010      6690786     1656.257           2.583     46.126557      -112.056771                                                                                       
MT      30045   01719602        Judith Basin County     2072    1336    4842813779      2066741     1869.821           0.798     47.032558      -110.305320                                                                                     
MT      30047   01796943        Lake County     28746   16588   3859469950      423637498           1490.150         163.567     47.642901      -114.083687                                                                                         
MT      30049   00793926        Lewis and Clark County  63395   30180   8958322731      100717209           3458.828          38.887     47.122133      -112.382954                                                                              
MT      30051   01720036        Liberty County  2339    1043    3703800609      44369051            1430.045          17.131     48.559654      -111.036924                                                                                         
MT      30053   01720038        Lincoln County  19687   11413   9357408916      161123155           3612.916          62.210     48.542232      -115.404343                                                                                      
MT      30055   01716270        McCone County   1734    1008    6845784269      102696937           2643.172          39.652     47.629628      -105.757222                                                                                         
MT      30057   01720033        Madison County  7691    6940    9291541248      39648957            3587.484          15.309     45.319288      -111.917328                                                                                         
MT      30059   01719600        Meagher County  1891    1432    6195025766      7377415     2391.913           2.848     46.585706      -110.921781                                                                                          
MT      30061   01720030        Mineral County  4223    2446    3158326912      9898609     1219.437           3.822     47.155213      -115.064550                                                                                          
MT      30063   01719596        Missoula County 109299  50106   6716936093      64479320            2593.424          24.896     47.027263      -113.892681                                                                                     
MT      30065   01719593        Musselshell County      4538    2654    4838499504      7127210     1868.155           2.752     46.505665      -108.436982                                                                                      
MT      30067   01720027        Park County     15636   9375    7259898824      27012589            2803.063          10.430     45.421905      -110.532798                                                                                           
MT      30069   01719590        Petroleum County        494     324     4286096708      49036246            1654.871          18.933     47.141917      -108.226575                                                                                         
MT      30071   01720023        Phillips County 4253    2335    13312629334     186077847           5140.035          71.845     48.250155      -107.928833                                                                                      
MT      30073   01719587        Pondera County  6153    2659    4203194623      43967890            1622.863          16.976     48.230312      -112.219928                                                                                         
MT      30075   01719584        Powder River County     1743    1022    8539962788      1566748     3297.298           0.605     45.408890      -105.555259                                                                                     
MT      30077   01720021        Powell County   7027    3105    6025327864      16197534            2326.392           6.254     46.844225      -112.931100                                                                                          
MT      30079   01715847        Prairie County  1179    673     4498127620      15097116            1736.737           5.829     46.852434      -105.375808                                                                                          
MT      30081   01719582        Ravalli County  40212   19583   6192198176      24296474            2390.821           9.381     46.079298      -114.119065                                                                                       
MT      30083   01715338        Richland County 9746    4550    5397905671      49581823            2084.143          19.144     47.785513      -104.563387                                                                                        
MT      30085   01669428        Roosevelt County        10425   4063    6098886500      37876242            2354.793          14.624     48.282747      -104.995170                                                                                      
MT      30087   01716795        Rosebud County  9233    4057    12976880880     43007467            5010.402          16.605     46.161734      -106.701953                                                                                        
MT      30089   01719578        Sanders County  11413   6678    7149723773      76301017            2760.524          29.460     47.756469      -115.180225                                                                                        
MT      30091   01677577        Sheridan County 3384    2089    4343616730      75142943            1677.080          29.013     48.705523      -104.533913                                                                                        
MT      30093   01719575        Silver Bow County       34200   16717   1860847940      1488572      718.477           0.575     45.895959      -112.660222                                                                                     
MT      30095   01719572        Stillwater County       9117    4803    4649935552      23914264            1795.350           9.233     45.663496      -109.391751                                                                                      
MT      30097   01719569        Sweet Grass County      3651    2148    4804957748      17686401            1855.205           6.829     45.813060      -109.941312                                                                                     
MT      30099   01720018        Teton County    6073    2892    5885423184      52172846            2272.375          20.144     47.819035      -112.281725                                                                                           
MT      30101   01719566        Toole County    5324    2336    4961503682      78006626            1915.647          30.119     48.645052      -111.733493                                                                                           
MT      30103   01719563        Treasure County 718     422     2531448178      17161233             977.398           6.626     46.209636      -107.280493                                                                                          
MT      30105   01678923        Valley County   7369    4879    12757810954     352165096           4925.819         135.972     48.365713      -106.687883                                                                                        
MT      30107   01719560        Wheatland County        2168    1197    3686057039      13071168            1423.195           5.047     46.497047      -109.857147                                                                                       
MT      30109   01696629        Wibaux County   1017    538     2303184548      1713204      889.265           0.661     46.962866      -104.274466                                                                                            
MT      30111   01719558        Yellowstone County      147972  63943   6820199333      40760707            2633.294          15.738     45.936987      -108.276656                                                                                  
