USPS    GEOID   ANSICODE        NAME    POP10   HU10    ALAND   AWATER  ALAND_SQMI      AWATER_SQMI     INTPTLAT        INTPTLONG                                                                                                    
NJ      34001   00882270        Atlantic County 274549  126647  1439267859      300755451            555.704         116.122     39.469354       -74.633758                                                                                   
NJ      34003   00882271        Bergen County   905116  352388  603490137       35385294             233.009          13.662     40.959090       -74.074522                                                                                       
NJ      34005   00882272        Burlington County       448734  175615  2068303255      55068519             798.576          21.262     39.875786       -74.663006                                                                                  
NJ      34007   00882273        Camden County   513657  204943  573067842       15616906             221.263           6.030     39.802352       -74.961251                                                                                       
NJ      34009   00882274        Cape May County 97265   98309   651187425       955684066            251.425         368.992     39.086142       -74.847716                                                                                      
NJ      34011   00882275        Cumberland County       156898  55834   1252784157      502245900            483.703         193.918     39.328387       -75.121644                                                                                  
NJ      34013   00882276        Essex County    783969  312954  326888224       8854094      126.212           3.419     40.787216       -74.246136                                                                                         
NJ      34015   00882277        Gloucester County       288288  109796  833989655       39296178             322.005          15.172     39.721019       -75.143708                                                                                   
NJ      34017   00882278        Hudson County   634266  270335  119634159       41755598              46.191          16.122     40.731384       -74.078627                                                                                       
NJ      34019   00882228        Hunterdon County        128349  49487   1108046234      24910908             427.819           9.618     40.565283       -74.911969                                                                                    
NJ      34021   00882229        Mercer County   366513  143169  581601212       11217700             224.557           4.331     40.282503       -74.703724                                                                                       
NJ      34023   00882230        Middlesex County        809858  294800  800083087       36034482             308.914          13.913     40.439593       -74.407585                                                                                    
NJ      34025   00882910        Monmouth County 630380  258410  1214167244      509002211            468.793         196.527     40.287056       -74.152446                                                                                   
NJ      34027   00882231        Morris County   492276  189842  1191852367      55550237             460.177          21.448     40.858581       -74.547427                                                                                      
NJ      34029   00882279        Ocean County    576567  278052  1628534966      742342470            628.781         286.620     39.865850       -74.263027                                                                                      
NJ      34031   00882232        Passaic County  501226  175966  478093122       32407089             184.593          12.512     41.033763       -74.300307                                                                                      
NJ      34033   00882233        Salem County    66083   27417   859613601       104713321            331.899          40.430     39.573828       -75.357356                                                                                         
NJ      34035   00882234        Somerset County 323444  123127  781692692       7883404      301.813           3.044     40.565522       -74.619930                                                                                      
NJ      34037   00882236        Sussex County   149265  62057   1344239274      43327484             519.014          16.729     41.137424       -74.691855                                                                                       
NJ      34039   00882235        Union County    536499  199489  266393116       6595128      102.855           2.546     40.659871       -74.308696                                                                                         
NJ      34041   00882237        Warren County   108692  44925   924412063       15383769             356.918           5.940     40.853524       -75.009542                                                                                        
