USPS    GEOID   ANSICODE        NAME    POP10   HU10    ALAND   AWATER  ALAND_SQMI      AWATER_SQMI     INTPTLAT        INTPTLONG                                                                                                    
NC      37001   01008531        Alamance County 151131  66576   1098007863      27957457             423.943          10.794     36.041974       -79.399935                                                                                     
NC      37003   01008532        Alexander County        37198   16189   673381461       9469976      259.994           3.656     35.920951       -81.177467                                                                                       
NC      37005   01008533        Alleghany County        11155   8094    608801116       3854920      235.059           1.488     36.489356       -81.132299                                                                                        
NC      37007   01008534        Anson County    26948   11576   1376453053      14612923             531.452           5.642     34.974996       -80.109959                                                                                         
NC      37009   01008535        Ashe County     27281   17342   1103683753      8117340      426.135           3.134     36.436305       -81.498770                                                                                           
NC      37011   01008536        Avery County    17797   13890   639951854       367329       247.087           0.142     36.072894       -81.920363                                                                                            
NC      37013   01026333        Beaufort County 47759   24688   2142417945      339348344            827.192         131.023     35.482313       -76.842014                                                                                     
NC      37015   01026334        Bertie County   21282   9822    1811100404      108725316            699.270          41.979     36.061330       -76.962367                                                                                        
NC      37017   01026336        Bladen County   35190   17718   2264498846      33230362             874.328          12.830     34.591948       -78.539513                                                                                        
NC      37019   01026340        Brunswick County        107431  77482   2193650178      525380745            846.973         202.851     34.038708       -78.227688                                                                                   
NC      37021   01008538        Buncombe County 238318  113365  1700772614      8984885      656.672           3.469     35.609371       -82.530426                                                                                     
NC      37023   01008539        Burke County    90912   40879   1313381247      20658001             507.099           7.976     35.746182       -81.706180                                                                                         
NC      37025   01008540        Cabarrus County 178011  71937   936925455       7033038      361.749           2.715     35.387845       -80.552868                                                                                       
NC      37027   01008541        Caldwell County 83029   37659   1221349765      7115682      471.566           2.747     35.957857       -81.530076                                                                                       
NC      37029   01026335        Camden County   9980    4104    623038021       180412363            240.556          69.658     36.342344       -76.162488                                                                                          
NC      37031   01026337        Carteret County 66469   48179   1311185243      2161018307           506.251         834.374     34.858313       -76.526967                                                                                    
NC      37033   01008542        Caswell County  23719   10619   1100542142      8625089      424.922           3.330     36.393097       -79.332546                                                                                        
NC      37035   01008543        Catawba County  154358  67886   1032683744      38057078             398.721          14.694     35.663182       -81.214151                                                                                      
NC      37037   01008544        Chatham County  63505   28753   1766851529      71603066             682.185          27.646     35.704994       -79.251454                                                                                       
NC      37039   01008545        Cherokee County 27444   17515   1179547136      29262798             455.426          11.298     35.136233       -84.061308                                                                                      
NC      37041   01025822        Chowan County   14793   7289    446702391       157536111            172.473          60.825     36.127288       -76.602070                                                                                         
NC      37043   01008546        Clay County     10587   7140    556201310       15223554             214.751           5.878     35.052997       -83.752264                                                                                            
NC      37045   01008547        Cleveland County        98078   43373   1202408392      10356247             464.252           3.999     35.334630       -81.557114                                                                                     
NC      37047   01026339        Columbus County 58098   26042   2427578082      42338295             937.293          16.347     34.260471       -78.636378                                                                                      
NC      37049   01026123        Craven County   103505  45002   1836191667      168876517            708.958          65.204     35.118179       -77.082541                                                                                      
NC      37051   01026124        Cumberland County       319431  135524  1689487711      15675494             652.315           6.052     35.050192       -78.828719                                                                                  
NC      37053   01026125        Currituck County        23547   14453   678194049       685673954            261.852         264.740     36.372174       -75.941224                                                                                     
NC      37055   01026133        Dare County     33920   33492   993052150       3053969840           383.420        1179.144     35.606269       -75.767536                                                                                         
NC      37057   01008548        Davidson County 162878  72655   1431421129      37148773             552.675          14.343     35.795123       -80.206525                                                                                     
NC      37059   01008549        Davie County    41240   18238   684029311       7726765      264.105           2.983     35.929356       -80.542542                                                                                           
NC      37061   01026132        Duplin County   58505   25728   2113998631      14128054             816.219           5.455     34.934403       -77.933543                                                                                        
NC      37063   01008550        Durham County   267587  120217  740672748       30797770             285.975          11.891     36.036589       -78.877919                                                                                       
NC      37065   01008551        Edgecombe County        56552   24838   1308814792      3402234      505.336           1.314     35.917055       -77.602655                                                                                      
NC      37067   01008552        Forsyth County  350670  156872  1057097245      11781201             408.148           4.549     36.131667       -80.257289                                                                                     
NC      37069   01008553        Franklin County 60619   26577   1273451203      7294554      491.682           2.816     36.088241       -78.283090                                                                                       
NC      37071   01008554        Gaston County   206086  88686   922106205       20913349             356.027           8.075     35.293344       -81.177256                                                                                        
NC      37073   01026126        Gates County    12197   5208    881747682       13578050             340.445           5.243     36.442135       -76.702355                                                                                           
NC      37075   01008555        Graham County   8861    5930    756481641       24828214             292.079           9.586     35.348111       -83.830909                                                                                           
NC      37077   01008556        Granville County        59916   22827   1376758990      12765614             531.570           4.929     36.299884       -78.657634                                                                                     
NC      37079   01008557        Greene County   21362   8213    688749236       1222022      265.928           0.472     35.481933       -77.681667                                                                                           
NC      37081   01008558        Guilford County 488406  218017  1672364534      30883952             645.704          11.924     36.079065       -79.788665                                                                                    
NC      37083   01008559        Halifax County  54691   25781   1875375057      18371274             724.086           7.093     36.251438       -77.644842                                                                                       
NC      37085   01008560        Harnett County  114678  46731   1541008895      16360689             594.987           6.317     35.368635       -78.871610                                                                                      
NC      37087   01008561        Haywood County  59036   34954   1434055217      2416649      553.692           0.933     35.557097       -82.972807                                                                                        
NC      37089   01008562        Henderson County        106740  54710   966241824       5602486      373.068           2.163     35.336424       -82.479634                                                                                      
NC      37091   01026127        Hertford County 24669   10635   914421664       18891664             353.060           7.294     36.363517       -76.981616                                                                                       
NC      37093   01008563        Hoke County     46952   18211   1012022108      4019951      390.744           1.552     35.017233       -79.241964                                                                                           
NC      37095   01008564        Hyde County     5810    3347    1586884785      2101324125           612.700         811.326     35.408157       -76.153687                                                                                          
NC      37097   01008565        Iredell County  159437  69013   1486221270      59749281             573.833          23.069     35.806356       -80.874545                                                                                      
NC      37099   01008566        Jackson County  40271   25948   1271048658      9815952      490.755           3.790     35.286463       -83.130641                                                                                        
NC      37101   01026327        Johnston County 168878  67682   2049455206      10890982             791.299           4.205     35.513405       -78.367267                                                                                     
NC      37103   01026338        Jones County    10153   4838    1219128858      6493576      470.708           2.507     35.032160       -77.356443                                                                                           
NC      37105   01008567        Lee County      57866   24136   660341698       10576667             254.959           4.084     35.476075       -79.172220                                                                                            
NC      37107   01008568        Lenoir County   59495   27437   1037527054      5768474      400.591           2.227     35.238062       -77.639023                                                                                         
NC      37109   01008569        Lincoln County  78265   33641   771655597       23577093             297.938           9.103     35.487825       -81.225176                                                                                        
NC      37111   01025836        McDowell County 44996   20808   1141169175      13956758             440.608           5.389     35.682232       -82.048029                                                                                      
NC      37113   01025833        Macon County    33922   25245   1335290241      10694329             515.558           4.129     35.152959       -83.421901                                                                                         
NC      37115   01025834        Madison County  20764   10608   1164379747      4836699      449.570           1.867     35.864080       -82.712731                                                                                        
NC      37117   01026328        Martin County   24505   11704   1194547357      754236       461.217           0.291     35.841059       -77.112867                                                                                          
NC      37119   01008570        Mecklenburg County      919628  398510  1356745512      57153194             523.842          22.067     35.246862       -80.833832                                                                                 
NC      37121   01008571        Mitchell County 15579   8713    573487628       1714316      221.425           0.662     36.013102       -82.163554                                                                                         
NC      37123   01008572        Montgomery County       27798   15914   1273651813      25988964             491.760          10.034     35.338071       -79.904196                                                                                    
NC      37125   01008573        Moore County    88247   43940   1807404472      20746101             697.843           8.010     35.310163       -79.480664                                                                                         
NC      37127   01008574        Nash County     95840   42286   1399646368      6118092      540.407           2.362     35.965945       -77.987555                                                                                           
NC      37129   01026329        New Hanover County      202667  101436  496071702       353971012            191.534         136.669     34.177466       -77.871378                                                                                 
NC      37131   01008575        Northampton County      22099   11674   1389757849      36301273             536.589          14.016     36.421774       -77.398352                                                                                   
NC      37133   01026341        Onslow County   177772  68226   1975496912      370806698            762.744         143.169     34.763460       -77.503297                                                                                      
NC      37135   01008576        Orange County   133801  55597   1030705790      8986425      397.958           3.470     36.062499       -79.119355                                                                                        
NC      37137   01023355        Pamlico County  13144   7534    871627408       596248407            336.537         230.213     35.147462       -76.665069                                                                                        
NC      37139   01026330        Pasquotank County       40661   16833   587616860       162021054            226.880          62.557     36.265276       -76.260355                                                                                    
NC      37141   01026129        Pender County   52217   26724   2252758539      163145775            869.795          62.991     34.512580       -77.888029                                                                                       
NC      37143   01025841        Perquimans County       13453   6986    639957337       212061101            247.089          81.877     36.178260       -76.404269                                                                                     
NC      37145   01008577        Person County   39464   18193   1016108548      30450439             392.322          11.757     36.386387       -78.965470                                                                                        
NC      37147   01008578        Pitt County     168148  74990   1688606138      7382149      651.975           2.850     35.591065       -77.372404                                                                                          
NC      37149   01008579        Polk County     20510   11432   615871126       1932284      237.789           0.746     35.278928       -82.167667                                                                                            
NC      37151   01008580        Randolph County 141752  61041   2026710821      17696116             782.517           6.833     35.709915       -79.806215                                                                                     
NC      37153   01008581        Richmond County 46639   20738   1227191624      15790811             473.821           6.097     35.001957       -79.747809                                                                                      
NC      37155   01026130        Robeson County  134168  52751   2458470383      4574244      949.221           1.766     34.639210       -79.100881                                                                                       
NC      37157   01008582        Rockingham County       93643   43696   1464770304      18529683             565.551           7.154     36.380927       -79.782889                                                                                    
NC      37159   01008583        Rowan County    138428  60211   1324451332      31989769             511.374          12.351     35.639218       -80.525344                                                                                        
NC      37161   01008584        Rutherford County       67810   33878   1461144059      4399859      564.151           1.699     35.402747       -81.919583                                                                                     
NC      37163   01026131        Sampson County  63431   27234   2446865522      4805674      944.740           1.855     34.990574       -78.371382                                                                                        
NC      37165   01008585        Scotland County 36157   15193   825803818       3831577      318.845           1.479     34.840023       -79.477337                                                                                        
NC      37167   01025844        Stanly County   60585   27110   1023267267      25262146             395.086           9.754     35.310523       -80.254355                                                                                        
NC      37169   01008586        Stokes County   47401   21924   1162535003      17539406             448.857           6.772     36.404195       -80.239271                                                                                        
NC      37171   01008587        Surry County    73673   33667   1378304182      10715854             532.166           4.137     36.415416       -80.686463                                                                                         
NC      37173   01008588        Swain County    13981   8723    1367504099      32758423             527.996          12.648     35.568849       -83.465614                                                                                          
NC      37175   01008589        Transylvania County     33090   19163   980383414       5140678      378.528           1.985     35.210095       -82.816696                                                                                    
NC      37177   01026332        Tyrrell County  4407    2068    1007595142      531422526            389.035         205.183     35.870420       -76.165345                                                                                        
NC      37179   01008590        Union County    201292  72870   1635630037      20736444             631.520           8.006     34.991501       -80.530131                                                                                        
NC      37181   01008591        Vance County    45422   20082   656606884       42223392             253.517          16.303     36.365481       -78.405434                                                                                          
NC      37183   01008592        Wake County     900993  371836  2163206258      57246693             835.219          22.103     35.789846       -78.650624                                                                                        
NC      37185   01008593        Warren County   20972   11806   1109696231      39641663             428.456          15.306     36.397978       -78.099924                                                                                        
NC      37187   01026331        Washington County       13228   6491    901664508       196093080            348.135          75.712     35.844589       -76.572334                                                                                     
NC      37189   01008594        Watauga County  51079   32137   809515805       2322130      312.556           0.897     36.235371       -81.709919                                                                                         
NC      37191   01026128        Wayne County    122623  52949   1432488557      9752596      553.087           3.765     35.362741       -78.004826                                                                                         
NC      37193   01008595        Wilkes County   69340   33065   1953571382      6843251      754.278           2.642     36.209303       -81.165354                                                                                         
NC      37195   01008596        Wilson County   81234   35511   953567109       14395628             368.174           5.558     35.704125       -77.918982                                                                                         
NC      37197   01008597        Yadkin County   38406   17341   867203563       6932224      334.829           2.677     36.158765       -80.665164                                                                                          
NC      37199   01008598        Yancey County   17818   11032   809623022       1458712      312.597           0.563     35.889504       -82.303980                                                                                          
