USPS    GEOID   ANSICODE        NAME    POP10   HU10    ALAND   AWATER  ALAND_SQMI      AWATER_SQMI     INTPTLAT        INTPTLONG                                                                                                    
MD      24001   01713506        Allegany County 75087   33311   1098563627      14954037             424.158           5.774     39.612309       -78.703108                                                                                      
MD      24003   01710958        Anne Arundel County     537656  212562  1074590684      447805092            414.902         172.899     38.993374       -76.560511                                                                               
MD      24005   01695314        Baltimore County        805029  335622  1549594703      216144619            598.302          83.454     39.443167       -76.616569                                                                                  
MD      24009   01676636        Calvert County  88737   33780   552061078       341669638            213.152         131.919     38.521357       -76.525864                                                                                       
MD      24011   00595737        Caroline County 33066   13482   827292416       16789670             319.419           6.483     38.871531       -75.831631                                                                                       
MD      24013   01696228        Carroll County  167134  62406   1159264845      13190001             447.595           5.093     39.563189       -77.015512                                                                                      
MD      24015   00596115        Cecil County    101108  41103   896842957       185350813            346.273          71.564     39.562352       -75.941584                                                                                        
MD      24017   01676992        Charles County  146551  54963   1185563933      479715576            457.749         185.219     38.472853       -77.015427                                                                                     
MD      24019   00596495        Dorchester County       32618   16554   1400575316      1145393243           540.765         442.239     38.429196       -76.047433                                                                                  
MD      24021   01711211        Frederick County        233385  90136   1709964627      18537350             660.221           7.157     39.470427       -77.397626                                                                                    
MD      24023   01711058        Garrett County  30097   18854   1675989023      22363466             647.103           8.635     39.529871       -79.269416                                                                                       
MD      24025   01698178        Harford County  244826  95554   1132055422      231943998            437.089          89.554     39.537429       -76.299789                                                                                     
MD      24027   01709077        Howard County   287085  109282  649416399       6871682      250.741           2.653     39.252264       -76.924406                                                                                        
MD      24029   00593907        Kent County     20197   10549   717505271       353313295            277.030         136.415     39.239176       -76.124200                                                                                          
MD      24031   01712500        Montgomery County       971777  375905  1272343169      40645480             491.254          15.693     39.137381       -77.203063                                                                                  
MD      24033   01714670        Prince George's County  863420  328182  1250163582      41816219             482.691          16.145     38.825880       -76.847272                                                                             
MD      24035   00596089        Queen Anne's County     47798   20140   963235987       359449898            371.908         138.784     39.040693       -76.082405                                                                                  
MD      24037   01697853        St. Mary's County       105151  41282   925092041       1054309969           357.180         407.071     38.222666       -76.534271                                                                                  
MD      24039   00596907        Somerset County 26470   11130   828079452       752725351            319.723         290.629     38.074450       -75.853323                                                                                      
MD      24041   00592947        Talbot County   37782   19577   695511159       539409159            268.538         208.267     38.749427       -76.179130                                                                                        
MD      24043   01714220        Washington County       147430  60814   1185644157      24769174             457.780           9.563     39.603621       -77.814671                                                                                   
MD      24045   01668606        Wicomico County 98733   41192   969804281       66808582             374.444          25.795     38.367389       -75.632206                                                                                       
MD      24047   01668802        Worcester County        51454   55749   1212841011      586834971            468.281         226.578     38.222133       -75.309931                                                                                    
MD      24510   01702381        Baltimore city  620961  296685  209643241       28768302              80.944          11.108     39.300213       -76.610516                                                                                      
