USPS    GEOID   ANSICODE        NAME    POP10   HU10    ALAND   AWATER  ALAND_SQMI      AWATER_SQMI     INTPTLAT        INTPTLONG                                                                                                    
SD      46003   01266983        Aurora County   2710    1324    1834810993      11201377             708.425           4.325     43.724719       -98.577587                                                                                          
SD      46005   01266986        Beadle County   17398   8304    3260042792      15808033            1258.710           6.104     44.418265       -98.279422                                                                                         
SD      46007   01265812        Bennett County  3431    1263    3068381373      15010867            1184.709           5.796     43.184826      -101.676426                                                                                         
SD      46009   01266997        Bon Homme County        7070    2931    1459979006      46518947             563.701          17.961     42.986031       -97.885613                                                                                       
SD      46011   01265779        Brookings County        31965   13137   2051804629      32967600             792.206          12.729     44.376675       -96.797797                                                                                     
SD      46013   01265785        Brown County    36531   16706   4436601519      46541281            1712.981          17.970     45.589254       -98.352175                                                                                         
SD      46015   01265768        Brule County    5255    2433    2116641810      75721218             817.240          29.236     43.729880       -99.092941                                                                                           
SD      46017   01265767        Buffalo County  1912    609     1220880153      42362363             471.384          16.356     44.044306       -99.203998                                                                                          
SD      46019   01265793        Butte County    10110   4621    5827210184      42730857            2249.899          16.498     44.896434      -103.501762                                                                                          
SD      46021   01266974        Campbell County 1466    980     1900214239      96243759             733.677          37.160     45.782241      -100.027951                                                                                         
SD      46023   01266976        Charles Mix County      9129    3849    2842477063      136616767           1097.487          52.748     43.206185       -98.595143                                                                                    
SD      46025   01266985        Clark County    3691    1710    2480181644      25627350             957.604           9.895     44.855211       -97.724912                                                                                           
SD      46027   01265764        Clay County     13864   5639    1067554320      13079349             412.185           5.050     42.912997       -96.979795                                                                                           
SD      46029   01265791        Codington County        27227   12397   1783194146      74251733             688.495          28.669     44.966324       -97.198843                                                                                     
SD      46031   01265811        Corson County   4050    1540    6396472290      155287260           2469.692          59.957     45.698340      -101.176017                                                                                         
SD      46033   01265788        Custer County   8216    4628    4032615511      5482570     1557.002           2.117     43.684943      -103.462250                                                                                           
SD      46035   01266980        Davison County  19504   8852    1128083214      3533764      435.555           1.364     43.680439       -98.155868                                                                                         
SD      46037   01265790        Day County      5710    3630    2662166065      163751226           1027.868          63.225     45.362282       -97.593734                                                                                            
SD      46039   01265781        Deuel County    4364    2204    1612749834      36071554             622.686          13.927     44.756290       -96.690239                                                                                           
SD      46041   01266994        Dewey County    5301    2002    5963433068      369822155           2302.494         142.789     45.150005      -100.852218                                                                                          
SD      46043   01266978        Douglas County  3002    1439    1118361831      4832944      431.802           1.866     43.391506       -98.358433                                                                                          
SD      46045   01266972        Edmunds County  4071    1966    2916212724      65038303            1125.956          25.111     45.411680       -99.205362                                                                                         
SD      46047   01265787        Fall River County       7094    4191    4506359351      23911034            1739.915           9.232     43.221504      -103.512102                                                                                      
SD      46049   01265760        Faulk County    2364    1136    2542720920      62704066             981.750          24.210     45.065476       -99.153564                                                                                           
SD      46051   01265782        Grant County    7356    3526    1764967869      15746365             681.458           6.080     45.172637       -96.772261                                                                                           
SD      46053   01265765        Gregory County  4271    2503    2628726426      99900067            1014.957          38.572     43.179094       -99.202158                                                                                         
SD      46055   01266988        Haakon County   1937    1013    4689260217      42451846            1810.534          16.391     44.284312      -101.591789                                                                                          
SD      46057   01265766        Hamlin County   5903    2760    1313721910      79873525             507.231          30.839     44.680619       -97.178598                                                                                          
SD      46059   01265783        Hand County     3431    1815    3720811266      9237228     1436.613           3.567     44.546713       -99.004575                                                                                             
SD      46061   01266979        Hanson County   3331    1177    1125383169      2232493      434.513           0.862     43.680612       -97.796845                                                                                           
SD      46063   01265792        Harding County  1255    731     6918829169      16956332            2671.375           6.547     45.596612      -103.473867                                                                                          
SD      46065   01265774        Hughes County   17022   7623    1920631032      153258012            741.560          59.173     44.392258       -99.985846                                                                                        
SD      46067   01265771        Hutchinson County       7343    3351    2105412805      3928767      812.904           1.517     43.336710       -97.749383                                                                                       
SD      46069   01266984        Hyde County     1420    708     2228747897      14541548             860.524           5.615     44.537301       -99.492148                                                                                             
SD      46071   01265794        Jackson County  3031    1193    4827514117      19097720            1863.914           7.374     43.677294      -101.626454                                                                                         
SD      46073   01265778        Jerauld County  2071    1070    1362937167      16668604             526.233           6.436     44.063416       -98.623188                                                                                         
SD      46075   01266981        Jones County    1006    589     2511453417      3147179      969.678           1.215     43.951990      -100.686139                                                                                             
SD      46077   01265780        Kingsbury County        5148    2720    2155481343      81655076             832.236          31.527     44.362969       -97.499313                                                                                       
SD      46079   01265776        Lake County     11200   5559    1458881294      30781776             563.277          11.885     44.028450       -97.123223                                                                                           
SD      46081   01266996        Lawrence County 24097   12756   2072081513      713642       800.035           0.276     44.353669      -103.796528                                                                                        
SD      46083   01265769        Lincoln County  44828   17875   1495144520      1217724      577.279           0.470     43.279420       -96.722286                                                                                        
SD      46085   01265789        Lyman County    3755    1704    4252595025      167669922           1641.936          64.738     43.894812       -99.841925                                                                                          
SD      46087   01265773        McCook County   5618    2491    1487182118      6898514      574.204           2.664     43.678924       -97.362036                                                                                           
SD      46089   01265762        McPherson County        2459    1418    2943893701      38569614            1136.644          14.892     45.784249       -99.211421                                                                                       
SD      46091   01265759        Marshall County 4656    2534    2170582034      124728714            838.066          48.158     45.737053       -97.580884                                                                                       
SD      46093   01266991        Meade County    25434   11000   8989806533      30728963            3470.984          11.865     44.606791      -102.715864                                                                                         
SD      46095   01267177        Mellette County 2048    838     3385906793      9219683     1307.306           3.560     43.584930      -100.760598                                                                                          
SD      46097   01265777        Miner County    2389    1308    1477098731      4196127      570.311           1.620     44.017327       -97.609790                                                                                            
SD      46099   01265772        Minnehaha County        169468  71557   2090501559      17395122             807.147           6.716     43.667472       -96.795726                                                                                    
SD      46101   01265775        Moody County    6486    2824    1345204308      3679400      519.386           1.421     44.012429       -96.676054                                                                                            
SD      46103   01266995        Pennington County       100948  44949   7191239757      19966766            2776.553           7.709     44.002349      -102.823801                                                                                   
SD      46105   01266990        Perkins County  2982    1739    7434504648      50539670            2870.478          19.513     45.483387      -102.467995                                                                                         
SD      46107   01265761        Potter County   2329    1500    2230341155      97192749             861.140          37.526     45.064276       -99.949631                                                                                          
SD      46109   01265786        Roberts County  10149   4905    2851684211      89947260            1101.041          34.729     45.623397       -96.947551                                                                                        
SD      46111   01266977        Sanborn County  2355    1172    1474533498      2992621      569.321           1.155     44.021032       -98.092105                                                                                          
SD      46113   01266992        Shannon County  13586   3593    5423170067      7126231     2093.898           2.751     43.341937      -102.559480                                                                                         
SD      46115   01266987        Spink County    6415    3139    3895148120      15062276            1503.925           5.816     44.931034       -98.339644                                                                                           
SD      46117   01266998        Stanley County  2966    1387    3741062251      188383699           1444.432          72.735     44.415547      -100.749163                                                                                        
SD      46119   01266982        Sully County    1373    845     2607645054      164383562           1006.817          63.469     44.722325      -100.131399                                                                                           
SD      46121   01266989        Todd County     9612    3142    3596342315      5854569     1388.556           2.260     43.208172      -100.717204                                                                                             
SD      46123   01265784        Tripp County    5644    3072    4176215610      13272789            1612.446           5.125     43.349729       -99.876219                                                                                           
SD      46125   01265770        Turner County   8347    3939    1598169823      1650289      617.057           0.637     43.308670       -97.150185                                                                                           
SD      46127   01265763        Union County    14399   6280    1192797818      17060467             460.542           6.587     42.831106       -96.650829                                                                                          
SD      46129   01266973        Walworth County 5438    3003    1835343493      93214930             708.630          35.990     45.427605      -100.027856                                                                                        
SD      46135   01266975        Yankton County  22438   9652    1349807412      28629262             521.164          11.054     43.006607       -97.388339                                                                                        
SD      46137   01266993        Ziebach County  2801    987     5079670231      24212483            1961.272           9.348     44.981666      -101.669224                                                                                          
